p cnf 340 1316
-1161 -1163 0
-1162 -1163 0
-1161 -1164 0
-1162 -1161 0
-1163 -1165 0
-1162 -1166 0
-1161 -1167 0
-1164 -1165 0
-1163 -1166 0
-1162 -1167 0
-1161 -1168 0
-1162 -1164 0
-1161 -1165 0
-1164 -1163 0
-1162 -1165 0
-1161 -1166 0
-1165 -1167 0
-1164 -1168 0
-1169 -1163 0
-1166 -1167 0
-1165 -1168 0
-1169 -1164 0
-1164 -1166 0
-1163 -1167 0
-1162 -1168 0
-1169 -1161 0
-1166 -1165 0
-1164 -1167 0
-1163 -1168 0
-1169 -1162 0
-1169 -1167 0
-1169 -1168 0
-1166 -1168 0
-1169 -1165 0
-1168 -1167 0
-1169 -1166 0
1139 1138 1137 1136 1135 1134 1133 1132 1131 0
2161 -1201 0
2162 -1202 0
-211 -213 212 214 215 216 217 218 219 31 0
2163 -1203 0
2164 -1204 0
-1171 -1172 0
-1172 -1174 0
-1171 -1175 0
-1173 -1174 0
-1172 -1175 0
-1171 -1176 0
2169 -1209 0
-1171 -1173 0
-1173 -1172 0
-1171 -1174 0
-1174 -1176 0
-1173 -1177 0
-1172 -1178 0
-1171 -1179 0
-1175 -1176 0
-1174 -1177 0
-1173 -1178 0
-1172 -1179 0
-1173 -1175 0
-1172 -1176 0
-1171 -1177 0
-1175 -1174 0
-1173 -1176 0
-1172 -1177 0
-1171 -1178 0
-1176 -1178 0
-1175 -1179 0
-1177 -1178 0
-1176 -1179 0
2165 -1205 0
-1175 -1177 0
-1174 -1178 0
-1173 -1179 0
-1177 -1176 0
-1175 -1178 0
-1174 -1179 0
2166 -1206 0
2167 -1207 0
-1177 -1179 0
-1179 -1178 0
2168 -1208 0
-265 1155 1165 0
-2105 145 125 1135 175 0
-264 1154 1164 0
-266 1156 1166 0
176 146 -2106 1136 126 0
144 -2104 124 1134 174 0
-267 1157 1167 0
1159 1169 -269 0
-268 1158 1168 0
1129 1139 1149 -259 1119 0
1139 179 -2109 149 129 0
177 -2107 1137 147 127 0
1138 178 148 -2108 128 0
1116 1126 -256 1136 1146 0
1117 1127 -257 1137 1147 0
-1181 -1183 0
-1182 -1183 0
-1181 -1184 0
-1182 -1181 0
1118 1128 1138 1148 -258 0
-1183 -1185 0
-1182 -1186 0
-1181 -1187 0
-1184 -1185 0
-1183 -1186 0
-1182 -1187 0
-1181 -1188 0
1112 1122 -252 1132 1142 0
-1182 -1184 0
-1181 -1185 0
-1184 -1183 0
-1182 -1185 0
-1181 -1186 0
122 1132 172 142 -2102 0
-1185 -1187 0
-1184 -1188 0
-1183 -1189 0
1113 1123 -253 1133 1143 0
143 123 1133 173 -2103 0
-1186 -1187 0
-1185 -1188 0
-1184 -1189 0
-1184 -1186 0
-1183 -1187 0
-1182 -1188 0
-1181 -1189 0
-1186 -1185 0
-1184 -1187 0
-1183 -1188 0
-1182 -1189 0
-1187 -1189 0
-1188 -1189 0
-1186 -1188 0
-1185 -1189 0
-1188 -1187 0
-1186 -1189 0
-254 1114 1124 1134 1144 0
-255 1115 1125 1135 1145 0
121 1131 171 -2101 141 0
-251 1111 1121 1131 1141 0
-1191 -1192 0
-1192 -1194 0
-1191 -1195 0
132 133 134 135 136 137 138 139 131 0
-1193 -1194 0
-1192 -1195 0
-1191 -1196 0
-1191 -1193 0
-1193 -1192 0
-1191 -1194 0
-1194 -1196 0
-1193 -1197 0
-1192 -1198 0
-1191 -1199 0
-1195 -1196 0
-1194 -1197 0
-1193 -1198 0
-1192 -1199 0
-1193 -1195 0
-1192 -1196 0
-1191 -1197 0
-1195 -1194 0
-1193 -1196 0
-1192 -1197 0
-1191 -1198 0
-1196 -1198 0
-1195 -1199 0
-261 1151 1161 0
-1197 -1198 0
-1196 -1199 0
-1195 -1197 0
-1194 -1198 0
-1193 -1199 0
-1197 -1196 0
-1195 -1198 0
-1194 -1199 0
-262 1152 1162 0
-1197 -1199 0
-1199 -1198 0
-263 1153 1163 0
-1125 -1127 0
-1128 -1124 0
-1129 -1123 0
-1126 -1127 0
-1125 -1128 0
-1129 -1124 0
-1126 -1124 0
-1127 -1123 0
-1128 -1122 0
-1129 -1121 0
-2149 1159 1119 0
-1126 -1125 0
-1127 -1124 0
-1128 -1123 0
-1129 -1122 0
-1127 -1129 0
-1128 -1129 0
1118 -2148 1158 0
-1126 -1128 0
-1125 -1129 0
-1128 -1127 0
-1126 -1129 0
1117 1157 -2147 0
1116 1156 -2146 0
1115 1155 -2145 0
-271 1171 1181 0
1114 1154 -2144 0
1113 1153 -2143 0
-272 1172 1182 0
1112 1152 -2142 0
-274 1174 1184 0
1111 -2141 1151 0
-273 1173 1183 0
211 -31 0
-275 1175 1185 0
213 -31 0
-276 1176 1186 0
-278 1178 1188 0
297 298 299 39 -291 -293 292 294 295 296 0
-277 1177 1187 0
-279 1179 1189 0
-1121 -1123 0
-1122 -1123 0
-1121 -1124 0
-1122 -1121 0
221 -32 0
-1125 -1123 0
-1126 -1122 0
-1127 -1121 0
-1125 -1124 0
-1126 -1123 0
-1127 -1122 0
-1128 -1121 0
-1122 -1124 0
-1125 -1121 0
222 -32 0
-1124 -1123 0
-1125 -1122 0
-1126 -1121 0
-1136 -1138 0
-1139 -1135 0
-1137 -1138 0
-1136 -1139 0
-1137 -1135 0
-1138 -1134 0
-1139 -1133 0
-1137 -1136 0
-1138 -1135 0
-1139 -1134 0
-1137 -1139 0
-1139 -1138 0
-222 -221 223 224 225 226 227 228 229 32 0
231 -33 0
233 -33 0
1149 1148 1147 1146 1145 1144 1143 1142 1141 0
-1131 -1132 0
-1132 -1134 0
-1131 -1135 0
-1133 -1134 0
-1132 -1135 0
-1136 -1131 0
-1131 -1133 0
-1133 -1132 0
-1131 -1134 0
-34 241 0
-1136 -1134 0
-1137 -1133 0
-1138 -1132 0
-1139 -1131 0
-1136 -1135 0
-1137 -1134 0
-1138 -1133 0
-1139 -1132 0
243 -34 0
-1133 -1135 0
-1136 -1132 0
-1137 -1131 0
242 -34 0
-1135 -1134 0
-1136 -1133 0
-1137 -1132 0
-1138 -1131 0
-1147 -1149 0
244 -34 0
-1148 -1149 0
-1148 -1146 0
-1149 -1145 0
-1148 -1147 0
-1149 -1146 0
251 -35 0
253 -35 0
-35 252 0
255 -35 0
-1141 -1143 0
-1142 -1143 0
-1141 -1144 0
-1142 -1141 0
-1143 -1145 0
-1142 -1146 0
-1147 -1141 0
-1144 -1145 0
-1143 -1146 0
-1147 -1142 0
-1148 -1141 0
-1142 -1144 0
-1141 -1145 0
-1144 -1143 0
-1142 -1145 0
-1141 -1146 0
-1147 -1145 0
-1148 -1144 0
-1149 -1143 0
-36 261 0
-1147 -1146 0
-1148 -1145 0
-1149 -1144 0
-1144 -1146 0
-1147 -1143 0
-1148 -1142 0
-1149 -1141 0
-36 263 0
-1146 -1145 0
-1147 -1144 0
-1148 -1143 0
-1149 -1142 0
-1159 -1157 0
-1159 -1158 0
-37 271 0
-37 273 0
2169 2168 -2161 2167 2166 -2163 316 2165 2164 2162 0
-1151 -1152 0
-1152 -1154 0
-1151 -1155 0
-1153 -1154 0
-1152 -1155 0
-1151 -1156 0
-1151 -1153 0
-1153 -1152 0
-1151 -1154 0
-1154 -1156 0
-1153 -1157 0
-1158 -1152 0
-1159 -1151 0
-1155 -1156 0
-1154 -1157 0
-1158 -1153 0
-1159 -1152 0
-1153 -1155 0
-1152 -1156 0
-1151 -1157 0
-1155 -1154 0
-1153 -1156 0
-1152 -1157 0
-1158 -1151 0
-1158 -1156 0
-1159 -1155 0
-38 281 0
-1158 -1157 0
-1159 -1156 0
-1155 -1157 0
-1158 -1154 0
-1159 -1153 0
-1157 -1156 0
-1158 -1155 0
-1159 -1154 0
-38 282 0
143 144 145 146 147 148 149 141 142 0
2129 2128 2127 2126 312 2125 2124 2122 -2121 -2123 0
251 -1141 0
252 -1142 0
253 -1143 0
1159 1158 1157 1156 1155 1154 1153 1152 1151 0
254 -1144 0
255 -1135 0
256 -1136 0
257 -1137 0
258 -1138 0
259 -1139 0
-39 291 0
-39 293 0
255 -1145 0
256 -1146 0
257 -1147 0
258 -1148 0
259 -1149 0
261 -1151 0
262 -1152 0
263 -1153 0
264 -1154 0
265 -1155 0
-233 33 232 234 235 236 237 -231 238 239 0
2108 2107 -2104 2106 310 2105 -2101 -2103 2109 -2102 0
261 -1161 0
262 -1162 0
263 -1163 0
264 -1164 0
265 -1165 0
266 -1166 0
266 -1156 0
267 -1157 0
268 -1158 0
269 -1159 0
1145 1175 1195 185 -2135 0
1144 1174 1194 -2134 184 0
1146 1176 1196 -2136 186 0
243 -1103 0
244 -1104 0
245 -1105 0
1141 181 -2131 1171 1191 0
246 -1106 0
247 -1107 0
248 -1108 0
1143 1173 183 1193 -2133 0
249 -1109 0
1142 -2132 182 1172 1192 0
2165 -1185 0
2166 -1186 0
2167 -1187 0
2168 -1188 0
2161 -1181 0
251 -1111 0
2162 -1182 0
252 -1112 0
2163 -1183 0
253 -1113 0
2164 -1184 0
-2138 188 1148 1178 1198 0
187 -2137 1147 1177 1197 0
2169 -1189 0
1149 189 -2139 1179 1199 0
126 116 -216 0
125 115 -215 0
129 -219 119 0
-311 2111 0
-311 2112 0
251 -1121 0
128 118 -218 0
252 -1122 0
127 117 -217 0
253 -1123 0
121 -211 111 0
254 -1114 0
255 -1115 0
256 -1116 0
257 -1117 0
258 -1118 0
124 114 -214 0
123 -213 113 0
259 -1119 0
122 112 -212 0
-310 2104 0
251 -1131 0
-310 2101 0
-310 2102 0
252 -1132 0
-310 2103 0
253 -1133 0
254 -1134 0
254 -1124 0
255 -1125 0
256 -1126 0
257 -1127 0
258 -1128 0
259 -1129 0
281 -1191 0
282 -1192 0
2135 -313 0
283 -1193 0
284 -1194 0
2131 -313 0
285 -1195 0
2132 -313 0
2133 -313 0
286 -1196 0
287 -1197 0
288 -1198 0
1169 1168 1167 1166 1165 1164 1163 1162 1161 0
154 155 156 157 158 159 151 152 153 0
-312 2121 0
-312 2123 0
289 -1199 0
2106 -126 0
2107 -127 0
2104 -124 0
2105 -125 0
2151 -315 0
2102 -122 0
2153 -315 0
2103 -123 0
2101 -121 0
2108 -128 0
2109 -129 0
2119 2118 2117 2116 311 2115 2114 2113 -2112 -2111 0
148 138 -228 0
147 137 -227 0
146 136 -226 0
2141 -314 0
2142 -314 0
149 139 -229 0
143 133 -223 0
132 -222 142 0
-221 141 131 0
145 135 -225 0
144 134 -224 0
2107 -147 0
2108 -148 0
2105 -145 0
2106 -146 0
2103 -143 0
2104 -144 0
2101 -141 0
2102 -142 0
267 -1167 0
268 -1168 0
269 -1169 0
2109 -149 0
271 -1171 0
272 -1172 0
273 -1173 0
274 -1174 0
2161 -316 0
275 -1175 0
2163 -316 0
276 -1176 0
277 -1177 0
2118 -158 0
271 -1181 0
2119 -159 0
272 -1182 0
2116 -156 0
273 -1183 0
2117 -157 0
274 -1184 0
2114 -154 0
275 -1185 0
111 -291 131 0
2115 -155 0
276 -1186 0
2112 -152 0
277 -1187 0
2113 -153 0
278 -1178 0
279 -1179 0
2101 -171 0
-299 139 119 0
-298 138 118 0
-232 162 152 0
-231 161 151 0
134 114 -294 0
278 -1188 0
279 -1189 0
2111 -151 0
133 113 -293 0
132 112 -292 0
137 -297 117 0
136 116 -296 0
135 -295 115 0
2129 -169 0
169 159 -239 0
2101 -1131 0
2102 -1132 0
2127 -167 0
168 158 -238 0
2103 -1133 0
2128 -168 0
2125 -165 0
2126 -166 0
2123 -163 0
2124 -164 0
2108 -1138 0
154 -234 164 0
2109 -1139 0
-233 163 153 0
167 157 -237 0
2104 -1134 0
2105 -1135 0
166 156 -236 0
2106 -1136 0
165 155 -235 0
2107 -1137 0
2108 -178 0
1179 1178 1177 1176 1175 1174 1173 1172 1171 0
2109 -179 0
2106 -176 0
2121 -1101 0
2107 -177 0
2122 -1102 0
2104 -174 0
2105 -175 0
2102 -172 0
2103 -173 0
2127 -1107 0
2121 -161 0
2128 -1108 0
2122 -162 0
2129 -1109 0
165 166 167 168 169 161 162 163 164 0
2149 2148 2147 2146 314 2145 2144 -2141 2143 -2142 0
1202 -282 1192 0
2123 -1103 0
2124 -1104 0
1201 -281 1191 0
2125 -1105 0
1203 -283 1193 0
2126 -1106 0
2141 -1111 0
2142 -1112 0
2118 -198 0
2143 -1113 0
2119 -199 0
2144 -1114 0
2116 -196 0
2117 -197 0
2114 -194 0
2115 -195 0
2132 -182 0
2149 -1119 0
2133 -183 0
2131 -181 0
2145 -1115 0
2146 -1116 0
2147 -1117 0
2148 -1118 0
2112 -192 0
2113 -193 0
2111 -191 0
211 -111 0
214 -114 0
215 -115 0
212 -112 0
213 -113 0
-244 -243 34 245 246 247 248 -242 249 -241 0
211 -121 0
212 -122 0
2138 -188 0
2139 -189 0
215 -125 0
2136 -186 0
216 -126 0
2137 -187 0
213 -123 0
2134 -184 0
214 -124 0
2135 -185 0
218 -118 0
219 -119 0
216 -116 0
217 -117 0
1204 -284 1194 0
1206 -286 1196 0
1205 -285 1195 0
-287 1197 1207 0
-288 1198 1208 0
219 -129 0
-289 1199 1209 0
217 -127 0
218 -128 0
222 -132 0
223 -133 0
221 -131 0
226 -136 0
227 -137 0
224 -134 0
225 -135 0
222 -142 0
2154 -1164 0
223 -143 0
2155 -1165 0
2156 -1166 0
221 -141 0
2157 -1167 0
226 -146 0
227 -147 0
2151 -1161 0
224 -144 0
2152 -1162 0
225 -145 0
2153 -1163 0
228 -138 0
229 -139 0
2158 -1168 0
2159 -1169 0
2133 -1173 0
2134 -1174 0
2135 -1175 0
2136 -1176 0
2131 -1171 0
2132 -1172 0
228 -148 0
229 -149 0
2137 -1177 0
2138 -1178 0
2139 -1179 0
176 177 178 179 171 172 173 174 175 0
233 -153 0
234 -154 0
231 -151 0
1189 1209 -2169 0
232 -152 0
1188 1208 -2168 0
237 -157 0
238 -158 0
1187 -2167 1207 0
235 -155 0
1206 1186 -2166 0
236 -156 0
1205 1185 -2165 0
1204 1184 -2164 0
1203 -2163 1183 0
1202 -2162 1182 0
1201 -2161 1181 0
234 -164 0
2134 -1194 0
235 -165 0
-2116 156 196 0
2135 -1195 0
232 -162 0
198 -2118 158 0
2136 -1196 0
233 -163 0
2137 -1197 0
157 -2117 197 0
238 -168 0
199 159 -2119 0
239 -169 0
2131 -1191 0
236 -166 0
241 -1101 0
2132 -1192 0
237 -167 0
242 -1102 0
2133 -1193 0
191 151 -2111 0
239 -159 0
192 -2112 152 0
154 194 -2114 0
2138 -1198 0
231 -161 0
2139 -1199 0
193 153 -2113 0
155 -2115 195 0
294 -114 0
2132 -1142 0
2152 -1122 0
1107 1106 1105 1104 1103 1102 1101 1109 1108 0
295 -115 0
2133 -1143 0
2153 -1123 0
292 -112 0
2134 -1144 0
2154 -1124 0
293 -113 0
2135 -1145 0
2155 -1125 0
298 -118 0
299 -119 0
296 -116 0
297 -117 0
2131 -1141 0
2151 -1121 0
310 0
311 0
312 0
313 0
314 0
315 0
316 0
2136 -1146 0
2156 -1126 0
291 -111 0
2137 -1147 0
2157 -1127 0
2138 -1148 0
2158 -1128 0
2139 -1149 0
2159 -1129 0
-111 -113 0
245 -175 0
-112 -113 0
-111 -114 0
246 -176 0
-112 -111 0
-113 -115 0
-112 -116 0
-111 -117 0
243 -173 0
-114 -115 0
-113 -116 0
-112 -117 0
-111 -118 0
-112 -114 0
-111 -115 0
244 -174 0
-114 -113 0
-112 -115 0
-111 -116 0
249 -179 0
247 -177 0
248 -178 0
-115 -117 0
-114 -118 0
-113 -119 0
241 -171 0
-116 -117 0
-115 -118 0
-114 -119 0
-114 -116 0
-113 -117 0
-112 -118 0
-111 -119 0
242 -172 0
-116 -115 0
-114 -117 0
-113 -118 0
-112 -119 0
-119 -117 0
-119 -118 0
-116 -118 0
-119 -115 0
-118 -117 0
-119 -116 0
245 -185 0
295 -135 0
2143 -1153 0
246 -186 0
296 -136 0
2144 -1154 0
243 -183 0
293 -133 0
2145 -1155 0
244 -184 0
294 -134 0
2146 -1156 0
249 -189 0
299 -139 0
247 -187 0
297 -137 0
2141 -1151 0
248 -188 0
298 -138 0
2142 -1152 0
241 -181 0
291 -131 0
2147 -1157 0
242 -182 0
292 -132 0
2148 -1158 0
2149 -1159 0
-122 -124 0
-125 -121 0
246 -196 0
-123 -124 0
-122 -125 0
-121 -126 0
-123 -121 0
247 -197 0
-123 -122 0
-124 -121 0
-124 -126 0
-123 -127 0
-122 -128 0
-121 -129 0
244 -194 0
-125 -126 0
-124 -127 0
-123 -128 0
-122 -129 0
-123 -125 0
-122 -126 0
-121 -127 0
245 -195 0
-125 -124 0
-123 -126 0
-122 -127 0
-121 -128 0
248 -198 0
-122 -121 0
264 265 266 267 36 268 269 -261 -263 262 0
249 -199 0
-126 -128 0
-125 -129 0
242 -192 0
-127 -128 0
-126 -129 0
-125 -127 0
-124 -128 0
-123 -129 0
243 -193 0
-127 -126 0
-125 -128 0
-124 -129 0
-127 -129 0
241 -191 0
-129 -128 0
-1202 -1204 0
-1205 -1201 0
-1203 -1204 0
-1202 -1205 0
-1206 -1201 0
-1203 -1201 0
-1203 -1202 0
-1204 -1201 0
-1204 -1206 0
-1209 -1201 0
-1202 -1208 0
-1203 -1207 0
-1205 -1206 0
-1202 -1209 0
-1203 -1208 0
-1204 -1207 0
-1203 -1205 0
-1202 -1206 0
-1207 -1201 0
-1205 -1204 0
-1203 -1206 0
-1208 -1201 0
-1202 -1207 0
-1205 -1209 0
-1206 -1208 0
-1206 -1209 0
-1207 -1208 0
-1203 -1209 0
-1204 -1208 0
-1205 -1207 0
-1204 -1209 0
-1205 -1208 0
-1207 -1206 0
-1207 -1209 0
-1209 -1208 0
-133 -135 0
-136 -132 0
-131 -137 0
-134 -135 0
-133 -136 0
-132 -137 0
-131 -138 0
-134 -132 0
-135 -131 0
-134 -133 0
-135 -132 0
-136 -131 0
-135 -137 0
-134 -138 0
-133 -139 0
-136 -137 0
-135 -138 0
-134 -139 0
-134 -136 0
-133 -137 0
-132 -138 0
-131 -139 0
-136 -135 0
-134 -137 0
-133 -138 0
-132 -139 0
-133 -131 0
-133 -132 0
-134 -131 0
-132 -131 0
-137 -139 0
-138 -139 0
-136 -138 0
-135 -139 0
-138 -137 0
-136 -139 0
-1202 -1201 0
-255 254 35 256 257 -251 258 259 -253 -252 0
187 188 189 181 182 183 184 185 186 0
31 0
32 0
-144 -146 0
-147 -143 0
-141 -149 0
-142 -148 0
33 0
-145 -146 0
-144 -147 0
-143 -148 0
-142 -149 0
34 0
-145 -143 0
-147 -141 0
-146 -142 0
35 0
-145 -144 0
-146 -143 0
-141 -148 0
-147 -142 0
36 0
-146 -148 0
-145 -149 0
37 0
-147 -148 0
-146 -149 0
38 0
-145 -147 0
-144 -148 0
-143 -149 0
39 0
-147 -146 0
-145 -148 0
-144 -149 0
-141 -142 0
-145 -141 0
-144 -142 0
-144 -143 0
-146 -141 0
-145 -142 0
-141 -143 0
-144 -141 0
-143 -142 0
-147 -149 0
-149 -148 0
-1103 -1105 0
-1106 -1102 0
-1107 -1101 0
-1104 -1105 0
-1103 -1106 0
-1107 -1102 0
-1108 -1101 0
-1104 -1102 0
-1105 -1101 0
-1104 -1103 0
-1105 -1102 0
-1106 -1101 0
-1105 -1107 0
-1103 -1109 0
-1104 -1108 0
-1106 -1107 0
-1104 -1109 0
-1105 -1108 0
-1104 -1106 0
-1103 -1107 0
-1109 -1101 0
-1108 -1102 0
-1106 -1105 0
-1104 -1107 0
-1109 -1102 0
-1103 -1108 0
-1107 -1109 0
-1108 -1109 0
-1105 -1109 0
-1106 -1108 0
-1106 -1109 0
-1108 -1107 0
2139 2138 2137 2136 313 2134 -2132 -2131 -2133 -2135 0
-162 -161 0
-155 -157 0
-158 -154 0
-153 -159 0
-156 -157 0
-155 -158 0
-154 -159 0
-156 -154 0
-151 -159 0
-158 -152 0
-157 -153 0
-156 -155 0
-157 -154 0
-152 -159 0
-158 -153 0
-157 -159 0
-158 -159 0
1129 -2159 1169 0
-156 -158 0
-155 -159 0
-158 -157 0
-156 -159 0
-151 -153 0
1128 1168 -2158 0
-151 -154 0
-152 -153 0
-152 -151 0
1118 1117 1116 1115 1114 1113 1112 1111 1119 0
281 -1201 0
1127 1167 -2157 0
-157 -151 0
-156 -152 0
-155 -153 0
-155 -154 0
-158 -151 0
-157 -152 0
-156 -153 0
282 -1202 0
-155 -151 0
-152 -154 0
1126 1166 -2156 0
-156 -151 0
-155 -152 0
-154 -153 0
283 -1203 0
1125 1165 -2155 0
1124 1164 -2154 0
1123 1163 -2153 0
1122 -2152 1162 0
111 112 113 114 115 116 117 118 119 0
-1103 -1101 0
-1103 -1102 0
-1104 -1101 0
1121 -2151 1161 0
-1102 -1101 0
-1114 -1116 0
-1117 -1113 0
-1118 -1112 0
-1119 -1111 0
2159 2158 2157 2156 315 2155 2154 -2151 2152 -2153 0
-1115 -1116 0
-1114 -1117 0
-1118 -1113 0
-1119 -1112 0
-1115 -1113 0
-1116 -1112 0
-1117 -1111 0
-1115 -1114 0
-1116 -1113 0
-1117 -1112 0
-1118 -1111 0
-1116 -1118 0
-1115 -1119 0
-1117 -1118 0
-1116 -1119 0
-1115 -1117 0
-1114 -1118 0
-1119 -1113 0
-1117 -1116 0
-1115 -1118 0
-1114 -1119 0
-1117 -1119 0
1189 1188 1187 1186 1185 1184 1183 1182 1181 0
-1119 -1118 0
284 -1204 0
285 -1205 0
-173 -171 0
-173 -172 0
-174 -171 0
286 -1206 0
-172 -171 0
287 -1207 0
288 -1208 0
289 -1209 0
-166 -168 0
-169 -165 0
-167 -168 0
-166 -169 0
-167 -165 0
-169 -163 0
-168 -164 0
-167 -166 0
-168 -165 0
-169 -164 0
-167 -169 0
-169 -168 0
-165 -161 0
-162 -164 0
-166 -161 0
-162 -165 0
-163 -164 0
-163 -161 0
-163 -162 0
-164 -161 0
-169 -161 0
-168 -162 0
-167 -163 0
-166 -164 0
-166 -165 0
-169 -162 0
-168 -163 0
-167 -164 0
-167 -161 0
-166 -162 0
-163 -165 0
-168 -161 0
-167 -162 0
-166 -163 0
-165 -164 0
275 276 277 278 279 -273 37 -271 272 274 0
-1111 -1112 0
-1114 -1112 0
-1115 -1111 0
-1114 -1113 0
-1115 -1112 0
-1116 -1111 0
-1111 -1113 0
-1113 -1112 0
-1114 -1111 0
-181 -182 0
-184 -182 0
-185 -181 0
-184 -183 0
-185 -182 0
-186 -181 0
-181 -183 0
-183 -182 0
-184 -181 0
-177 -179 0
-178 -179 0
-178 -176 0
-179 -175 0
-178 -177 0
-179 -176 0
-177 -171 0
-176 -172 0
-173 -175 0
-178 -171 0
-177 -172 0
-173 -176 0
-174 -175 0
-174 -172 0
-175 -171 0
-176 -171 0
-174 -173 0
-175 -172 0
-179 -173 0
-178 -174 0
-177 -175 0
-177 -176 0
-179 -174 0
-178 -175 0
-179 -171 0
-178 -172 0
-177 -173 0
-174 -176 0
-179 -172 0
-178 -173 0
-177 -174 0
-176 -175 0
-191 -193 0
-192 -193 0
-191 -194 0
-192 -191 0
-195 -193 0
-196 -192 0
-197 -191 0
-198 -191 0
-195 -194 0
-196 -193 0
-197 -192 0
-192 -194 0
-195 -191 0
-194 -193 0
-195 -192 0
-196 -191 0
-189 -187 0
-189 -188 0
-189 -181 0
-188 -182 0
-187 -183 0
-184 -186 0
-189 -182 0
-188 -183 0
-184 -187 0
-185 -186 0
-187 -181 0
-185 -183 0
-186 -182 0
-188 -181 0
-187 -182 0
-185 -184 0
-186 -183 0
-189 -185 0
-188 -186 0
-188 -187 0
-189 -186 0
-189 -183 0
-188 -184 0
-185 -187 0
-189 -184 0
-188 -185 0
-187 -186 0
198 199 191 192 193 194 195 196 197 0
1101 -2121 161 0
1102 162 -2122 0
1103 -2123 163 0
-199 -193 0
-198 -194 0
-195 -197 0
-199 -194 0
-195 -198 0
-196 -197 0
-199 -191 0
-198 -192 0
-196 -194 0
-197 -193 0
-199 -192 0
-198 -193 0
-196 -195 0
-197 -194 0
-199 -197 0
-199 -198 0
-199 -195 0
-196 -198 0
-199 -196 0
-198 -197 0
1129 1128 1127 1126 1125 1124 1123 1122 1121 0
199 189 179 1109 -249 0
198 188 178 -248 1108 0
121 122 123 124 125 126 127 128 129 0
1199 1198 1197 1196 1195 1194 1193 1192 1191 0
1206 1205 1204 1203 1202 1201 1209 1208 1207 0
286 287 288 289 38 -282 -281 283 284 285 0
1107 -2127 167 0
168 -2128 1108 0
-243 1103 193 183 173 0
1102 -242 192 182 172 0
1104 164 -2124 0
165 1105 -2125 0
1106 166 -2126 0
1101 -241 191 181 171 0
1107 187 177 -247 197 0
176 1106 -246 196 186 0
-2129 169 1109 0
1105 -245 195 185 175 0
-244 1104 194 184 174 0
