p cnf 253 1024
2108 2107 2106 2105 2104 2103 337 -2101 2109 -2102 0
-299 1139 199 169 129 0
198 -298 1138 168 128 0
1107 -2107 1147 0
1106 -2106 1146 0
-2105 1105 1145 0
-2104 1104 1144 0
1103 1143 -2103 0
1102 1142 -2102 0
1101 1141 -2101 0
1139 1138 1137 1136 1135 1134 1133 1132 1131 0
-211 212 213 214 216 217 218 219 -215 32 0
211 -212 213 215 216 217 218 219 -214 31 0
-221 161 151 141 131 0
132 -222 162 152 142 0
1129 1139 1149 -259 1119 0
167 157 147 137 -227 0
168 158 148 138 -228 0
1116 1126 -256 1136 1146 0
1117 1127 -257 1137 1147 0
166 156 146 136 -226 0
1118 1128 1138 1148 -258 0
154 144 134 -224 164 0
1112 1122 -252 1132 1142 0
1113 1123 -253 1133 1143 0
165 155 145 135 -225 0
-254 1114 1124 1134 1144 0
143 133 -223 163 153 0
-255 1115 1125 1135 1145 0
187 -277 1117 147 0
-276 1116 146 186 0
-251 1111 1121 1131 1141 0
145 1115 -275 185 0
144 1114 -274 184 0
169 159 149 139 -229 0
189 -279 149 1119 0
1118 188 -278 148 0
132 133 134 135 136 137 138 139 131 0
143 -273 1113 183 0
-272 1112 182 142 0
1111 181 -271 141 0
-1125 -1127 0
-1128 -1124 0
-1129 -1123 0
-1126 -1127 0
-1125 -1128 0
-1129 -1124 0
-1126 -1124 0
-1127 -1123 0
-1128 -1122 0
-1129 -1121 0
-1126 -1125 0
-1127 -1124 0
-1128 -1123 0
-1129 -1122 0
-1127 -1129 0
-1128 -1129 0
-1126 -1128 0
-1125 -1129 0
-1128 -1127 0
-1126 -1129 0
212 -31 0
211 -32 0
214 -31 0
215 -32 0
-1121 -1123 0
-1122 -1123 0
-1121 -1124 0
-1122 -1121 0
-1125 -1123 0
-1126 -1122 0
-1127 -1121 0
-1125 -1124 0
-1126 -1123 0
-1127 -1122 0
-1128 -1121 0
222 -33 0
-1122 -1124 0
-1125 -1121 0
-1124 -1123 0
-1125 -1122 0
-1126 -1121 0
224 -33 0
223 -34 0
-36 221 0
-1136 -1138 0
-1139 -1135 0
222 -34 0
221 -35 0
-1137 -1138 0
-1136 -1139 0
221 -38 0
226 -33 0
225 -34 0
224 -35 0
-36 223 0
-37 222 0
-1137 -1135 0
-1138 -1134 0
-1139 -1133 0
225 -33 0
-1137 -1136 0
-1138 -1135 0
-1139 -1134 0
227 -34 0
-37 224 0
-38 223 0
222 -39 0
225 -35 0
-37 223 0
221 -39 0
-36 227 0
-38 225 0
-1137 -1139 0
227 -35 0
-36 226 0
-1139 -1138 0
-37 228 0
-39 226 0
-39 228 0
-38 228 0
1149 1148 1147 1146 1145 1144 1143 1142 1141 0
-1131 -1132 0
-1132 -1134 0
-1131 -1135 0
-1133 -1134 0
-1132 -1135 0
-1136 -1131 0
-1131 -1133 0
-1133 -1132 0
-1131 -1134 0
-1136 -1134 0
-1137 -1133 0
-1138 -1132 0
-1139 -1131 0
-1136 -1135 0
-1137 -1134 0
-1138 -1133 0
-1139 -1132 0
-1133 -1135 0
-1136 -1132 0
-1137 -1131 0
-1135 -1134 0
-1136 -1133 0
-1137 -1132 0
-1138 -1131 0
-1147 -1149 0
-1148 -1149 0
-1148 -1146 0
-1149 -1145 0
297 -298 331 299 -295 -294 -291 292 293 296 0
-1148 -1147 0
-1149 -1146 0
297 330 -298 299 -295 291 -293 -292 294 296 0
-298 299 333 -297 -291 -292 293 294 295 296 0
297 -298 299 332 -296 -291 -293 292 294 295 0
297 -299 298 -295 335 -291 -293 292 294 296 0
297 -299 298 334 -294 291 -293 -292 295 296 0
297 298 299 -295 -294 -296 326 291 -293 292 0
298 299 -297 -296 328 291 -293 -292 294 295 0
298 299 -295 -294 -297 327 291 -292 293 296 0
298 299 -294 -297 -296 -291 329 292 293 295 0
-232 233 234 235 312 236 237 -231 238 239 0
-221 222 -224 310 -223 225 226 227 228 -229 0
-222 -221 223 311 224 226 227 228 -229 -225 0
-1141 -1143 0
-1142 -1143 0
-1141 -1144 0
-1142 -1141 0
-1143 -1145 0
-1142 -1146 0
-1147 -1141 0
-1144 -1145 0
-1143 -1146 0
-1147 -1142 0
-1148 -1141 0
297 -299 298 336 -296 -291 -292 293 294 295 0
-1142 -1144 0
-1141 -1145 0
-1144 -1143 0
-1142 -1145 0
-1141 -1146 0
-1147 -1145 0
-1148 -1144 0
-1149 -1143 0
1149 -2109 1109 0
-1147 -1146 0
-1148 -1145 0
-1149 -1144 0
-1144 -1146 0
-1147 -1143 0
-1148 -1142 0
-1149 -1141 0
-1146 -1145 0
-1147 -1144 0
-1148 -1143 0
-1149 -1142 0
1148 -2108 1108 0
143 144 145 146 147 148 149 141 142 0
199 1109 -249 0
251 -1141 0
252 -1142 0
198 -248 1108 0
253 -1143 0
254 -1144 0
255 -1135 0
275 -1115 0
256 -1136 0
276 -1116 0
257 -1137 0
277 -1117 0
258 -1138 0
278 -1118 0
259 -1139 0
279 -1119 0
1101 -241 191 0
1102 -242 192 0
255 -1145 0
1107 -247 197 0
256 -1146 0
1105 -245 195 0
257 -1147 0
1106 -246 196 0
258 -1148 0
-244 1104 194 0
259 -1149 0
-243 1103 193 0
291 -1131 0
292 -1132 0
293 -1133 0
294 -1134 0
295 -1135 0
296 -1136 0
243 -1103 0
-222 33 221 -224 223 227 228 229 -226 -225 0
-222 221 34 -223 224 226 228 229 -225 -227 0
244 -1104 0
-221 222 -224 35 223 226 228 229 -225 -227 0
-221 222 -223 36 224 225 228 229 -226 -227 0
245 -1105 0
-222 221 -224 -223 37 225 226 227 229 -228 0
-221 222 -223 224 38 226 227 229 -225 -228 0
246 -1106 0
-222 -221 223 224 225 39 227 229 -226 -228 0
247 -1107 0
275 276 277 278 279 -273 323 -274 -271 272 0
276 277 278 279 -272 324 -275 -271 273 274 0
248 -1108 0
249 -1109 0
251 -1111 0
252 -1112 0
253 -1113 0
126 116 -216 0
125 115 -215 0
129 -219 119 0
251 -1121 0
128 118 -218 0
252 -1122 0
127 117 -217 0
253 -1123 0
121 -211 111 0
254 -1114 0
255 -1115 0
256 -1116 0
257 -1117 0
258 -1118 0
124 114 -214 0
123 -213 113 0
259 -1119 0
122 112 -212 0
251 -1131 0
271 -1111 0
252 -1132 0
272 -1112 0
253 -1133 0
273 -1113 0
254 -1134 0
274 -1114 0
254 -1124 0
255 -1125 0
256 -1126 0
242 -243 244 245 246 247 313 248 249 -241 0
257 -1127 0
258 -1128 0
259 -1129 0
154 155 156 157 158 159 151 152 153 0
2101 -337 0
2102 -337 0
323 324 0
297 -1137 0
298 -1138 0
299 -1139 0
112 -282 152 0
111 -281 151 0
314 315 316 317 318 0
-289 159 119 0
-288 158 118 0
154 114 -284 0
113 -283 153 0
-287 157 117 0
156 116 -286 0
155 115 -285 0
221 -311 0
-310 221 0
-311 229 0
-310 229 0
132 -262 172 0
-310 224 0
-261 171 131 0
-310 223 0
222 -311 0
-311 225 0
165 166 167 168 169 161 162 163 164 0
231 -312 0
179 139 -269 0
232 -312 0
-265 135 175 0
134 -264 174 0
133 -263 173 0
178 -268 138 0
177 -267 137 0
176 -266 136 0
-313 241 0
2101 -1141 0
2102 -1142 0
2103 -1143 0
-233 183 173 0
243 -313 0
-232 182 172 0
-231 181 171 0
2108 -1148 0
2109 -1149 0
2104 -1144 0
2105 -1145 0
2106 -1146 0
2107 -1147 0
211 -111 0
189 179 -239 0
256 -315 0
255 -316 0
254 -317 0
253 -318 0
-318 252 0
214 -114 0
256 -316 0
215 -115 0
253 -314 0
-316 251 0
-314 252 0
251 -315 0
212 -112 0
255 -314 0
254 -315 0
-317 252 0
-318 251 0
254 -314 0
253 -315 0
-316 252 0
-317 251 0
213 -113 0
176 -236 186 0
-235 185 175 0
-234 184 174 0
188 178 -238 0
187 177 -237 0
211 -121 0
212 -122 0
215 -125 0
265 -319 0
216 -126 0
213 -123 0
214 -124 0
218 -118 0
219 -119 0
257 -317 0
216 -116 0
258 -318 0
217 -117 0
31 32 0
264 -320 0
-321 263 0
-322 262 0
-320 267 0
264 -266 -265 267 268 269 319 261 262 263 0
-321 268 0
-322 269 0
219 -129 0
217 -127 0
266 -319 0
218 -128 0
-323 273 0
-324 272 0
222 -132 0
271 -324 0
223 -133 0
-323 274 0
-323 271 0
221 -131 0
2101 -1101 0
226 -136 0
227 -137 0
224 -134 0
275 -324 0
225 -135 0
2106 -1106 0
2107 -1107 0
2108 -1108 0
2109 -1109 0
2102 -1102 0
2103 -1103 0
2104 -1104 0
2105 -1105 0
-325 282 0
281 -325 0
222 -142 0
223 -143 0
221 -141 0
226 -146 0
227 -147 0
224 -144 0
225 -145 0
254 255 256 257 -251 259 -253 -252 318 -258 0
228 -138 0
229 -139 0
-254 255 -256 257 -251 258 259 -253 315 252 0
-255 -254 256 257 258 259 -253 314 -252 251 0
253 -254 255 -257 256 -251 258 259 -252 317 0
253 -255 254 -256 257 -251 258 259 -252 316 0
265 320 266 -267 268 269 -264 261 262 263 0
223 -153 0
264 265 266 -268 321 267 269 -263 261 262 0
264 265 266 267 322 268 -262 261 -269 263 0
294 -326 0
-328 292 0
-329 291 0
224 -154 0
293 -326 0
292 -327 0
221 -151 0
222 -152 0
297 -329 0
227 -157 0
297 -328 0
-329 296 0
228 -158 0
-326 296 0
-327 295 0
225 -155 0
295 -326 0
294 -327 0
-328 293 0
297 -327 0
-328 296 0
226 -156 0
-329 294 0
228 -148 0
229 -149 0
-331 298 0
-332 296 0
176 177 178 179 171 172 173 174 175 0
298 -330 0
292 -336 0
-334 294 0
293 -335 0
223 -163 0
298 -333 0
-332 298 0
297 -333 0
-335 295 0
224 -164 0
-330 295 0
-331 294 0
-332 293 0
-333 292 0
-333 291 0
221 -161 0
-334 293 0
291 -336 0
-331 295 0
-334 292 0
291 -335 0
222 -162 0
227 -167 0
228 -168 0
-334 299 0
-336 296 0
225 -165 0
299 -336 0
299 -335 0
226 -166 0
229 -159 0
-330 293 0
-332 291 0
-330 292 0
-331 291 0
264 -134 0
284 -114 0
265 -135 0
285 -115 0
262 -132 0
282 -112 0
263 -133 0
283 -113 0
268 -138 0
288 -118 0
269 -139 0
289 -119 0
241 -1101 0
266 -136 0
286 -116 0
242 -1102 0
267 -137 0
287 -117 0
229 -169 0
261 -131 0
281 -111 0
234 -174 0
1107 1106 1105 1104 1103 1102 1101 1109 1108 0
235 -175 0
232 -172 0
233 -173 0
238 -178 0
239 -179 0
236 -176 0
237 -177 0
312 0
313 0
231 -171 0
-111 -113 0
235 -185 0
275 -145 0
295 -125 0
-112 -113 0
-111 -114 0
236 -186 0
276 -146 0
296 -126 0
-112 -111 0
-113 -115 0
-112 -116 0
-111 -117 0
233 -183 0
273 -143 0
293 -123 0
-114 -115 0
-113 -116 0
-112 -117 0
-111 -118 0
-112 -114 0
-111 -115 0
234 -184 0
274 -144 0
294 -124 0
-114 -113 0
-112 -115 0
-111 -116 0
239 -189 0
279 -149 0
299 -129 0
237 -187 0
277 -147 0
297 -127 0
238 -188 0
278 -148 0
298 -128 0
325 0
-115 -117 0
-114 -118 0
-113 -119 0
231 -181 0
271 -141 0
291 -121 0
-116 -117 0
-115 -118 0
-114 -119 0
-114 -116 0
-113 -117 0
-112 -118 0
-111 -119 0
232 -182 0
272 -142 0
292 -122 0
-116 -115 0
-114 -117 0
-113 -118 0
-112 -119 0
-119 -117 0
-119 -118 0
-116 -118 0
-119 -115 0
-118 -117 0
-119 -116 0
337 0
-122 -124 0
-125 -121 0
246 -196 0
266 -176 0
286 -156 0
-123 -124 0
-122 -125 0
-121 -126 0
-123 -121 0
247 -197 0
267 -177 0
287 -157 0
-123 -122 0
-124 -121 0
-124 -126 0
-123 -127 0
-122 -128 0
-121 -129 0
244 -194 0
264 -174 0
284 -154 0
-125 -126 0
-124 -127 0
-123 -128 0
-122 -129 0
-123 -125 0
-122 -126 0
-121 -127 0
245 -195 0
265 -175 0
285 -155 0
-125 -124 0
-123 -126 0
-122 -127 0
-121 -128 0
248 -198 0
268 -178 0
288 -158 0
-122 -121 0
249 -199 0
269 -179 0
289 -159 0
-126 -128 0
-125 -129 0
242 -192 0
262 -172 0
282 -152 0
-127 -128 0
-126 -129 0
-125 -127 0
-124 -128 0
-123 -129 0
243 -193 0
263 -173 0
283 -153 0
-127 -126 0
-125 -128 0
-124 -129 0
-127 -129 0
241 -191 0
261 -171 0
281 -151 0
-129 -128 0
-133 -135 0
-136 -132 0
-131 -137 0
277 -187 0
297 -167 0
-134 -135 0
-133 -136 0
-132 -137 0
-131 -138 0
-134 -132 0
-135 -131 0
278 -188 0
298 -168 0
-134 -133 0
-135 -132 0
-136 -131 0
-135 -137 0
-134 -138 0
-133 -139 0
275 -185 0
295 -165 0
-136 -137 0
-135 -138 0
-134 -139 0
-134 -136 0
-133 -137 0
-132 -138 0
-131 -139 0
276 -186 0
296 -166 0
-136 -135 0
-134 -137 0
-133 -138 0
-132 -139 0
-133 -131 0
279 -189 0
299 -169 0
-133 -132 0
-134 -131 0
-132 -131 0
-137 -139 0
273 -183 0
293 -163 0
-138 -139 0
-136 -138 0
-135 -139 0
274 -184 0
294 -164 0
-138 -137 0
-136 -139 0
271 -181 0
291 -161 0
272 -182 0
292 -162 0
187 188 189 181 182 183 184 185 186 0
-144 -146 0
-147 -143 0
-141 -149 0
-142 -148 0
-145 -146 0
-144 -147 0
-143 -148 0
-142 -149 0
-145 -143 0
-147 -141 0
-146 -142 0
-145 -144 0
-146 -143 0
-141 -148 0
-147 -142 0
-146 -148 0
-145 -149 0
-147 -148 0
-146 -149 0
-145 -147 0
-144 -148 0
-143 -149 0
-147 -146 0
-145 -148 0
-144 -149 0
-141 -142 0
-145 -141 0
-144 -142 0
-144 -143 0
-146 -141 0
-145 -142 0
-141 -143 0
-144 -141 0
-143 -142 0
-147 -149 0
-149 -148 0
-1103 -1105 0
-1106 -1102 0
-1107 -1101 0
-1104 -1105 0
-1103 -1106 0
-1107 -1102 0
-1108 -1101 0
298 -198 0
-1104 -1102 0
-1105 -1101 0
-1104 -1103 0
-1105 -1102 0
-1106 -1101 0
299 -199 0
-1105 -1107 0
-1103 -1109 0
-1104 -1108 0
-1106 -1107 0
-1104 -1109 0
-1105 -1108 0
296 -196 0
-1104 -1106 0
-1103 -1107 0
-1109 -1101 0
-1108 -1102 0
-1106 -1105 0
-1104 -1107 0
-1109 -1102 0
-1103 -1108 0
297 -197 0
-1107 -1109 0
-1108 -1109 0
-1105 -1109 0
-1106 -1108 0
-1106 -1109 0
-1108 -1107 0
291 -191 0
-162 -161 0
294 -194 0
295 -195 0
292 -192 0
293 -193 0
-155 -157 0
-158 -154 0
-153 -159 0
-156 -157 0
-155 -158 0
-154 -159 0
-156 -154 0
-151 -159 0
-158 -152 0
-157 -153 0
-156 -155 0
-157 -154 0
-152 -159 0
-158 -153 0
-157 -159 0
-158 -159 0
-156 -158 0
-155 -159 0
-158 -157 0
-156 -159 0
-151 -153 0
-151 -154 0
-152 -153 0
-152 -151 0
1118 1117 1116 1115 1114 1113 1112 1111 1119 0
-157 -151 0
-156 -152 0
-155 -153 0
-155 -154 0
-158 -151 0
-157 -152 0
-156 -153 0
-155 -151 0
-152 -154 0
-156 -151 0
-155 -152 0
-154 -153 0
320 321 322 319 0
111 112 113 114 115 116 117 118 119 0
-1103 -1101 0
-1103 -1102 0
-1104 -1101 0
-1102 -1101 0
-1114 -1116 0
-1117 -1113 0
-1118 -1112 0
-1119 -1111 0
-1115 -1116 0
-1114 -1117 0
-1118 -1113 0
-1119 -1112 0
-1115 -1113 0
-1116 -1112 0
-1117 -1111 0
-1115 -1114 0
-1116 -1113 0
-1117 -1112 0
-1118 -1111 0
-1116 -1118 0
-1115 -1119 0
-1117 -1118 0
-1116 -1119 0
-1115 -1117 0
-1114 -1118 0
-1119 -1113 0
-1117 -1116 0
-1115 -1118 0
-1114 -1119 0
-1117 -1119 0
-1119 -1118 0
-173 -171 0
-173 -172 0
-174 -171 0
-172 -171 0
-166 -168 0
-169 -165 0
-167 -168 0
-166 -169 0
-167 -165 0
-169 -163 0
-168 -164 0
-167 -166 0
-168 -165 0
-169 -164 0
-167 -169 0
-169 -168 0
-165 -161 0
-162 -164 0
-166 -161 0
-162 -165 0
-163 -164 0
-163 -161 0
-163 -162 0
-164 -161 0
-169 -161 0
-168 -162 0
-167 -163 0
-166 -164 0
-166 -165 0
-169 -162 0
-168 -163 0
-167 -164 0
-167 -161 0
-166 -162 0
-163 -165 0
-168 -161 0
-167 -162 0
-166 -163 0
-165 -164 0
-1111 -1112 0
-1114 -1112 0
-1115 -1111 0
-1114 -1113 0
-1115 -1112 0
-1116 -1111 0
-1111 -1113 0
-1113 -1112 0
-1114 -1111 0
-181 -182 0
-184 -182 0
-185 -181 0
-184 -183 0
-185 -182 0
-186 -181 0
-181 -183 0
-183 -182 0
-184 -181 0
-177 -179 0
-178 -179 0
-178 -176 0
-179 -175 0
-178 -177 0
-179 -176 0
-177 -171 0
-176 -172 0
-173 -175 0
-178 -171 0
-177 -172 0
-173 -176 0
-174 -175 0
-174 -172 0
-175 -171 0
-176 -171 0
-174 -173 0
-175 -172 0
-179 -173 0
-178 -174 0
-177 -175 0
-177 -176 0
-179 -174 0
-178 -175 0
-179 -171 0
-178 -172 0
-177 -173 0
-174 -176 0
-179 -172 0
-178 -173 0
-177 -174 0
-176 -175 0
-191 -193 0
-192 -193 0
-191 -194 0
-192 -191 0
-195 -193 0
-196 -192 0
-197 -191 0
-198 -191 0
-195 -194 0
-196 -193 0
-197 -192 0
-192 -194 0
-195 -191 0
-194 -193 0
-195 -192 0
-196 -191 0
-189 -187 0
-189 -188 0
-189 -181 0
-188 -182 0
-187 -183 0
-184 -186 0
-189 -182 0
-188 -183 0
-184 -187 0
-185 -186 0
-187 -181 0
-185 -183 0
-186 -182 0
-188 -181 0
-187 -182 0
-185 -184 0
-186 -183 0
-189 -185 0
-188 -186 0
-188 -187 0
-189 -186 0
-189 -183 0
-188 -184 0
-185 -187 0
-189 -184 0
-188 -185 0
-187 -186 0
198 199 191 192 193 194 195 196 197 0
286 287 288 289 325 -282 -281 283 284 285 0
-199 -193 0
-198 -194 0
-195 -197 0
-199 -194 0
-195 -198 0
-196 -197 0
-199 -191 0
-198 -192 0
-196 -194 0
-197 -193 0
-199 -192 0
-198 -193 0
-196 -195 0
-197 -194 0
-199 -197 0
-199 -198 0
-199 -195 0
-196 -198 0
-199 -196 0
-198 -197 0
330 331 332 333 334 335 336 326 327 328 329 0
1129 1128 1127 1126 1125 1124 1123 1122 1121 0
124 -294 1134 194 164 0
123 1133 -293 193 163 0
122 1132 192 -292 162 0
121 -291 1131 191 161 0
167 1137 127 -297 197 0
121 122 123 124 125 126 127 128 129 0
166 1136 126 -296 196 0
165 125 -295 1135 195 0
33 34 35 310 36 311 37 38 39 0
