p cnf 600 2476
1211 1221 1231 1241 1251 -281 0
1212 1222 1232 1242 1252 -282 0
1214 1224 -284 1234 1244 1254 0
1299 1298 1297 1296 1295 1294 1293 1292 1291 0
-1281 -1282 0
1213 1223 -283 1233 1243 1253 0
-1282 -1284 0
-1281 -1285 0
-1283 -1284 0
-1282 -1285 0
-1281 -1286 0
-1281 -1283 0
-1283 -1282 0
-1281 -1284 0
-1284 -1286 0
-1283 -1287 0
-1282 -1288 0
-1281 -1289 0
-1285 -1286 0
-1284 -1287 0
-1283 -1288 0
-1282 -1289 0
1217 1227 -287 1237 1247 1257 0
-1283 -1285 0
-1282 -1286 0
-1281 -1287 0
-1285 -1284 0
-1283 -1286 0
-1282 -1287 0
-1281 -1288 0
-1286 -1288 0
-1285 -1289 0
-1287 -1288 0
-1286 -1289 0
1215 1225 1235 1245 1255 -285 0
-1285 -1287 0
-1284 -1288 0
-1283 -1289 0
-1287 -1286 0
-1285 -1288 0
-1284 -1289 0
2119 2118 2117 2116 2115 2114 326 -2112 -2111 -2113 0
-1287 -1289 0
-1289 -1288 0
1216 1226 1236 1246 1256 -286 0
1239 1249 1259 -289 1219 1229 0
1228 -288 1238 1248 1258 1218 0
-2239 1269 1329 0
2151 -1211 0
-2238 1268 1328 0
2152 -1212 0
211 212 213 214 215 216 -219 218 -217 31 0
2153 -1213 0
1327 -2237 1267 0
2154 -1214 0
1326 -2236 1266 0
1325 1265 -2235 0
-1291 -1293 0
-1292 -1293 0
-1291 -1294 0
1324 1264 -2234 0
-1292 -1291 0
-1293 -1295 0
-1292 -1296 0
-1291 -1297 0
-1294 -1295 0
-1293 -1296 0
-1292 -1297 0
-1291 -1298 0
2159 -1219 0
1323 1263 -2233 0
-1292 -1294 0
-1291 -1295 0
-1294 -1293 0
-1292 -1295 0
-1291 -1296 0
-1295 -1297 0
-1294 -1298 0
-1293 -1299 0
341 342 332 333 334 335 336 337 338 339 340 0
1322 1262 -2232 0
-1296 -1297 0
-1295 -1298 0
-1294 -1299 0
-1294 -1296 0
-1293 -1297 0
-1292 -1298 0
-1291 -1299 0
-1296 -1295 0
-1294 -1297 0
-1293 -1298 0
-1292 -1299 0
1321 -2231 1261 0
-1297 -1299 0
-1298 -1299 0
2155 -1215 0
-1296 -1298 0
-1295 -1299 0
-1298 -1297 0
-1296 -1299 0
2108 2107 2106 2105 2104 324 2101 -2103 2109 -2102 0
2156 -1216 0
2108 2107 -2104 2106 2105 2103 2102 325 -2101 2109 0
2157 -1217 0
2158 -1218 0
132 133 134 135 136 137 138 139 131 0
-1246 -1248 0
-1249 -1245 0
2154 -1284 0
-1247 -1248 0
-1246 -1249 0
-266 1176 1186 0
-1247 -1245 0
-1248 -1244 0
-1249 -1243 0
2155 -1285 0
-1247 -1246 0
-1248 -1245 0
-1249 -1244 0
2156 -1286 0
-1247 -1249 0
-267 1177 1187 0
2157 -1287 0
-1249 -1248 0
1179 1189 -269 0
2151 -1281 0
-268 1178 1188 0
2152 -1282 0
2153 -1283 0
2158 -1288 0
2159 -1289 0
217 -31 0
219 -31 0
-1241 -1242 0
-1242 -1244 0
-1241 -1245 0
-1243 -1244 0
-1242 -1245 0
-1246 -1241 0
-1241 -1243 0
-1243 -1242 0
-1241 -1244 0
-1247 -1243 0
-1246 -1244 0
-1248 -1242 0
-1249 -1241 0
-1246 -1245 0
-1247 -1244 0
-1248 -1243 0
-1249 -1242 0
-1247 -1241 0
-1243 -1245 0
-1246 -1242 0
-1245 -1244 0
-1246 -1243 0
-1247 -1242 0
-1248 -1241 0
-1257 -1259 0
-1258 -1259 0
227 -32 0
-1258 -1256 0
-1259 -1255 0
-1258 -1257 0
-1259 -1256 0
229 -32 0
228 -32 0
239 -33 0
238 -33 0
-261 1171 1181 0
-1251 -1253 0
-1252 -1253 0
-1251 -1254 0
-262 1172 1182 0
-1252 -1251 0
-1253 -1255 0
-1252 -1256 0
-1257 -1251 0
-1254 -1255 0
-1253 -1256 0
-1257 -1252 0
-1258 -1251 0
-1252 -1254 0
-1251 -1255 0
-263 1173 1183 0
-1254 -1253 0
-1252 -1255 0
-1251 -1256 0
-1257 -1255 0
-1258 -1254 0
-1259 -1253 0
-265 1175 1185 0
-1257 -1256 0
-1258 -1255 0
-1259 -1254 0
-1254 -1256 0
-1257 -1253 0
-1258 -1252 0
-1259 -1251 0
-1256 -1255 0
-1257 -1254 0
-1258 -1253 0
-1259 -1252 0
-264 1174 1184 0
245 -34 0
247 -34 0
-1269 -1267 0
-2249 1279 1339 0
-1269 -1268 0
249 -34 0
248 -34 0
1338 -2248 1278 0
1337 -2247 1277 0
310 311 39 0
1336 1276 -2246 0
1335 1275 -2245 0
1334 1274 -2244 0
1333 1273 -2243 0
1332 -2242 1272 0
1331 -2241 1271 0
255 -35 0
1359 1369 -2129 0
257 -35 0
256 -35 0
259 -35 0
2207 -2203 2205 -2206 2204 348 2209 -2202 2208 -2201 0
1358 1368 -2128 0
258 -35 0
-2127 1357 1367 0
-2126 1356 1366 0
2207 -2204 2206 -2205 2203 347 2209 -2202 2208 -2201 0
1355 1365 -2125 0
1354 1364 -2124 0
-1261 -1262 0
1353 1363 -2123 0
-1262 -1264 0
-1261 -1265 0
-1263 -1264 0
-1262 -1265 0
-1261 -1266 0
-1261 -1263 0
1352 1362 -2122 0
-1263 -1262 0
-1261 -1264 0
-1264 -1266 0
-1263 -1267 0
-1268 -1262 0
-1269 -1261 0
-1265 -1266 0
-1264 -1267 0
-1268 -1263 0
-1269 -1262 0
1351 1361 -2121 0
-1263 -1265 0
-1262 -1266 0
-1261 -1267 0
-1265 -1264 0
-1263 -1266 0
-1262 -1267 0
-1268 -1261 0
-1268 -1266 0
-1269 -1265 0
-1268 -1267 0
-1269 -1266 0
-1269 -1263 0
-1265 -1267 0
-1268 -1264 0
-36 263 0
-37 262 0
-38 261 0
-1267 -1266 0
-1268 -1265 0
-1269 -1264 0
-36 264 0
-37 265 0
-38 266 0
298 299 -295 313 -297 -296 291 -293 292 294 0
343 344 345 0
-39 273 0
143 133 -223 153 0
2173 -1233 0
275 -39 0
297 -299 298 320 -295 -296 -291 292 293 294 0
2174 -1234 0
-299 298 322 -294 -297 -291 292 293 295 296 0
-299 298 321 -297 291 -293 -292 294 295 296 0
132 -222 152 142 0
2175 -1235 0
297 -299 -298 323 -291 -293 292 294 295 296 0
2176 -1236 0
155 145 135 -225 0
154 144 134 -224 0
2171 -1231 0
2172 -1232 0
-1271 -1273 0
-1272 -1273 0
-1271 -1274 0
-1272 -1271 0
-1273 -1275 0
-1272 -1276 0
-1271 -1277 0
-1274 -1275 0
-1273 -1276 0
-1272 -1277 0
-1271 -1278 0
-1272 -1274 0
-1271 -1275 0
-1274 -1273 0
-1272 -1275 0
-1271 -1276 0
-1275 -1277 0
-1274 -1278 0
-1279 -1273 0
297 -298 299 -295 -296 315 291 -292 293 294 0
-1276 -1277 0
-1275 -1278 0
-1279 -1274 0
297 -298 299 -294 314 -296 291 -293 292 295 0
-221 151 141 131 0
2177 -1237 0
-1274 -1276 0
-1273 -1277 0
-1272 -1278 0
-1279 -1271 0
-298 299 -295 -297 -291 317 292 293 294 296 0
-1276 -1275 0
-1274 -1277 0
-1273 -1278 0
-1279 -1272 0
-298 299 -294 -297 316 291 -292 293 295 296 0
2178 -1238 0
-1279 -1277 0
297 -299 298 -294 -296 291 -292 319 293 295 0
-1279 -1278 0
297 -299 298 -295 -294 291 -293 318 292 296 0
2179 -1239 0
-1276 -1278 0
-1279 -1275 0
-1278 -1277 0
-1279 -1276 0
143 144 145 146 147 148 149 141 142 0
157 147 137 -227 0
156 146 136 -226 0
349 350 351 0
159 149 139 -229 0
158 148 138 -228 0
2129 2128 2127 2126 2125 2124 2123 327 -2121 -2122 0
231 33 232 233 234 235 236 237 -239 -238 0
1212 1342 -2152 1142 1282 1182 0
1211 1341 -2151 1141 1281 1181 0
1213 1343 1143 1283 -2153 1183 0
1214 1344 1144 1284 -2154 1184 0
1216 1346 1146 1286 1186 -2156 0
1215 1345 1145 1285 1185 -2155 0
2171 -1191 0
1217 1347 1147 1287 1187 -2157 0
1348 1148 1288 1188 -2158 1218 0
1349 -2159 1149 1289 1189 1219 0
253 -255 254 -257 35 -256 -259 -258 251 252 0
2104 -325 0
126 116 -216 0
125 115 -215 0
2102 -324 0
2101 -325 0
2103 -324 0
129 -219 119 0
128 118 -218 0
127 117 -217 0
121 -211 111 0
124 114 -214 0
123 -213 113 0
122 112 -212 0
2176 -1196 0
2177 -1197 0
2178 -1198 0
2179 -1199 0
2172 -1192 0
2173 -1193 0
-2138 -2139 2137 2135 2134 2133 2132 328 2131 -2136 0
2174 -1194 0
2175 -1195 0
2121 -327 0
2122 -327 0
-2109 1309 1319 0
-2108 1308 1318 0
-2107 1307 1317 0
1316 -2106 1306 0
154 155 156 157 158 159 151 152 153 0
1305 -2105 1315 0
1304 -2104 1314 0
2111 -326 0
2112 -326 0
2113 -326 0
1303 1313 -2103 0
1302 1312 -2102 0
36 37 38 0
1301 1311 -2101 0
2146 -329 0
2147 -329 0
2148 -329 0
2149 -329 0
2136 -328 0
2138 -328 0
2139 -328 0
-2149 1139 179 1179 129 0
-330 2153 0
-330 2154 0
-330 2155 0
-330 2151 0
-330 2152 0
2179 -338 0
2178 -339 0
2179 -339 0
2177 -336 0
2176 -337 0
2179 -335 0
2177 -337 0
2176 -338 0
-339 2175 0
2179 -336 0
2177 -338 0
2179 -337 0
-332 2177 0
-333 2176 0
-334 2175 0
2174 -335 0
2172 -337 0
-338 2171 0
-332 2178 0
-333 2177 0
-334 2176 0
2175 -335 0
2174 -336 0
2173 -337 0
-333 2178 0
-334 2177 0
2176 -335 0
2175 -336 0
-339 2172 0
-334 2178 0
2174 -338 0
-339 2173 0
-332 2173 0
-333 2172 0
-334 2171 0
-332 2174 0
-332 2175 0
-333 2174 0
2173 -335 0
-336 2172 0
-341 2171 0
-342 2171 0
-340 2174 0
-341 2173 0
-342 2172 0
-340 2175 0
-340 2171 0
121 -2141 1131 171 1171 0
122 1132 -2142 1172 172 0
123 1133 -2143 1173 173 0
-331 2168 0
-331 2169 0
124 1134 1174 -2144 174 0
2229 352 2228 2227 2226 2225 2223 -2222 -2221 -2224 0
125 1135 1175 -2145 175 0
176 1136 126 1176 -2146 0
177 1137 127 1177 -2147 0
-2148 1138 178 1178 128 0
2121 -1351 0
2221 -1251 0
2122 -1352 0
2222 -1252 0
2123 -1353 0
2223 -1253 0
2124 -1354 0
2224 -1254 0
-344 2188 0
-345 2189 0
-343 2185 0
-344 2184 0
-345 2183 0
-343 2187 0
2129 -1359 0
2229 -1259 0
2125 -1355 0
2225 -1255 0
1201 -271 1191 0
2126 -1356 0
2226 -1256 0
1203 -273 1193 0
2127 -1357 0
2227 -1257 0
1202 -272 1192 0
2128 -1358 0
2228 -1258 0
1204 -274 1194 0
1205 -275 1195 0
-341 2179 0
-342 2178 0
-277 1197 1207 0
-342 2179 0
-232 172 162 0
1206 -276 1196 0
-231 171 161 0
-341 2176 0
-278 1198 1208 0
-340 2178 0
2179 -340 0
-341 2178 0
-342 2177 0
-279 1199 1209 0
165 166 167 168 169 161 162 163 164 0
2152 -1342 0
2232 -1262 0
2153 -1343 0
2233 -1263 0
179 169 -239 0
2154 -1344 0
2234 -1264 0
2155 -1345 0
2235 -1265 0
2151 -1341 0
2231 -1261 0
165 -235 175 0
-234 174 164 0
-233 173 163 0
178 168 -238 0
2156 -1346 0
2236 -1266 0
177 167 -237 0
2157 -1347 0
2237 -1267 0
2158 -1348 0
2238 -1268 0
176 166 -236 0
2159 -1349 0
2239 -1269 0
2121 -1361 0
2122 -1362 0
2123 -1363 0
2124 -1364 0
2197 -346 0
2199 -346 0
2129 -1369 0
2125 -1365 0
2126 -1366 0
2127 -1367 0
2128 -1368 0
211 -111 0
2111 -1321 0
2211 -1221 0
2112 -1322 0
2212 -1222 0
214 -114 0
215 -115 0
212 -112 0
213 -113 0
2117 -1327 0
2217 -1227 0
2118 -1328 0
2218 -1228 0
2119 -1329 0
2219 -1229 0
2113 -1323 0
2213 -1223 0
2114 -1324 0
2214 -1224 0
2115 -1325 0
2215 -1225 0
2116 -1326 0
2216 -1226 0
211 -121 0
212 -122 0
215 -125 0
216 -126 0
213 -123 0
214 -124 0
218 -118 0
219 -119 0
216 -116 0
217 -117 0
1357 1247 -2207 1307 1207 0
2111 -1341 0
2112 -1342 0
1206 -2206 1356 1246 1306 0
2113 -1343 0
1305 1205 -2205 1355 1245 0
219 -129 0
2118 -1348 0
2119 -1349 0
217 -127 0
218 -128 0
2114 -1344 0
1359 1249 -2209 1309 1209 0
2115 -1345 0
2116 -1346 0
2117 -1347 0
1358 1248 -2208 1308 1208 0
222 -132 0
223 -133 0
1301 1201 1351 1241 -2201 0
2111 -1331 0
2201 -1241 0
221 -131 0
2112 -1332 0
2202 -1242 0
226 -136 0
227 -137 0
224 -134 0
225 -135 0
2117 -1337 0
2207 -1247 0
2118 -1338 0
2208 -1248 0
-2204 1304 1204 1354 1244 0
2119 -1339 0
-2203 1303 1203 1353 1243 0
2209 -1249 0
2113 -1333 0
2203 -1243 0
1302 1202 1352 1242 -2202 0
2114 -1334 0
2204 -1244 0
2115 -1335 0
2205 -1245 0
2116 -1336 0
2206 -1246 0
222 -142 0
223 -143 0
221 -141 0
226 -146 0
227 -147 0
224 -144 0
225 -145 0
228 -138 0
229 -139 0
223 -153 0
224 -154 0
221 -151 0
222 -152 0
227 -157 0
228 -158 0
225 -155 0
226 -156 0
228 -148 0
229 -149 0
176 177 178 179 171 172 173 174 175 0
229 -159 0
287 288 289 -284 312 -283 -286 -282 -281 285 0
234 -164 0
235 -165 0
232 -162 0
233 -163 0
238 -168 0
239 -169 0
236 -166 0
241 -1101 0
237 -167 0
242 -1102 0
231 -161 0
234 -174 0
2243 -1273 0
1107 1106 1105 1104 1103 1102 1101 1109 1108 0
235 -175 0
2244 -1274 0
232 -172 0
2245 -1275 0
233 -173 0
2246 -1276 0
238 -178 0
239 -179 0
236 -176 0
2241 -1271 0
237 -177 0
2242 -1272 0
312 0
2247 -1277 0
231 -171 0
2248 -1278 0
2249 -1279 0
-111 -113 0
2212 -1292 0
-112 -113 0
-111 -114 0
2213 -1293 0
-112 -111 0
-113 -115 0
-112 -116 0
-111 -117 0
2214 -1294 0
-114 -115 0
-113 -116 0
-112 -117 0
-111 -118 0
-112 -114 0
-111 -115 0
2215 -1295 0
-114 -113 0
-112 -115 0
-111 -116 0
2211 -1291 0
326 0
-115 -117 0
-114 -118 0
-113 -119 0
327 0
2216 -1296 0
-116 -117 0
-115 -118 0
-114 -119 0
328 0
-114 -116 0
-113 -117 0
-112 -118 0
-111 -119 0
329 0
2217 -1297 0
-116 -115 0
-114 -117 0
-113 -118 0
-112 -119 0
-119 -117 0
2218 -1298 0
-119 -118 0
-116 -118 0
-119 -115 0
2219 -1299 0
-118 -117 0
-119 -116 0
245 -185 0
246 -186 0
243 -183 0
244 -184 0
249 -189 0
247 -187 0
248 -188 0
330 0
331 0
241 -181 0
242 -182 0
-122 -124 0
-125 -121 0
246 -196 0
-123 -124 0
-122 -125 0
-121 -126 0
-123 -121 0
247 -197 0
-123 -122 0
-124 -121 0
-124 -126 0
-123 -127 0
-122 -128 0
-121 -129 0
244 -194 0
-125 -126 0
-124 -127 0
-123 -128 0
-122 -129 0
-123 -125 0
-122 -126 0
-121 -127 0
245 -195 0
-125 -124 0
-123 -126 0
-122 -127 0
-121 -128 0
264 -266 265 267 268 269 -261 38 262 263 0
264 -265 266 267 268 -262 37 269 261 263 0
248 -198 0
-122 -121 0
265 266 267 36 268 269 -264 -263 261 262 0
249 -199 0
346 0
-126 -128 0
-125 -129 0
242 -192 0
-127 -128 0
-126 -129 0
-125 -127 0
-124 -128 0
-123 -129 0
243 -193 0
-127 -126 0
-125 -128 0
-124 -129 0
-127 -129 0
241 -191 0
-129 -128 0
-1202 -1204 0
-1205 -1201 0
-1203 -1204 0
-1202 -1205 0
-1206 -1201 0
-1203 -1201 0
-1203 -1202 0
-1204 -1201 0
-1204 -1206 0
-1209 -1201 0
-1202 -1208 0
-1203 -1207 0
-1205 -1206 0
-1202 -1209 0
-1203 -1208 0
-1204 -1207 0
-1203 -1205 0
-1202 -1206 0
-1207 -1201 0
-1205 -1204 0
-1203 -1206 0
-1208 -1201 0
-1202 -1207 0
-1205 -1209 0
-1206 -1208 0
-1206 -1209 0
-1207 -1208 0
-1203 -1209 0
-1204 -1208 0
-1205 -1207 0
-1204 -1209 0
-1205 -1208 0
-1207 -1206 0
-1207 -1209 0
-1209 -1208 0
352 0
-133 -135 0
-136 -132 0
-131 -137 0
-134 -135 0
-133 -136 0
-132 -137 0
-131 -138 0
-134 -132 0
-135 -131 0
-134 -133 0
-135 -132 0
-136 -131 0
-135 -137 0
-134 -138 0
-133 -139 0
-136 -137 0
-135 -138 0
-134 -139 0
-134 -136 0
-133 -137 0
-132 -138 0
-131 -139 0
-136 -135 0
-134 -137 0
-133 -138 0
-132 -139 0
-133 -131 0
-133 -132 0
-134 -131 0
-132 -131 0
-137 -139 0
275 -276 277 310 278 279 -272 271 273 274 0
-138 -139 0
275 -277 276 278 311 279 -271 272 273 274 0
-136 -138 0
-135 -139 0
-138 -137 0
-136 -139 0
-1202 -1201 0
-1213 -1215 0
-1216 -1212 0
-1217 -1211 0
-1214 -1215 0
-1213 -1216 0
-1217 -1212 0
-1218 -1211 0
-1214 -1212 0
-1215 -1211 0
-1214 -1213 0
-1215 -1212 0
-1216 -1211 0
-1215 -1217 0
-1213 -1219 0
-1214 -1218 0
-1216 -1217 0
-1214 -1219 0
-1215 -1218 0
-1214 -1216 0
-1213 -1217 0
-1219 -1211 0
-1218 -1212 0
-1216 -1215 0
-1214 -1217 0
-1219 -1212 0
-1213 -1218 0
-1217 -1219 0
-1218 -1219 0
-1215 -1219 0
-1216 -1218 0
-1216 -1219 0
-1218 -1217 0
221 222 223 224 225 226 -229 -228 -227 32 0
187 188 189 181 182 183 184 185 186 0
31 0
32 0
-144 -146 0
-147 -143 0
-141 -149 0
-142 -148 0
33 0
-145 -146 0
-144 -147 0
-143 -148 0
-142 -149 0
34 0
-145 -143 0
-147 -141 0
-146 -142 0
35 0
-145 -144 0
-146 -143 0
-141 -148 0
-147 -142 0
-146 -148 0
-145 -149 0
-147 -148 0
-146 -149 0
-145 -147 0
-144 -148 0
-143 -149 0
-147 -146 0
-145 -148 0
-144 -149 0
-141 -142 0
-145 -141 0
-144 -142 0
-144 -143 0
-146 -141 0
-145 -142 0
-141 -143 0
-144 -141 0
-143 -142 0
-147 -149 0
-149 -148 0
-1213 -1211 0
-1213 -1212 0
-1214 -1211 0
-1212 -1211 0
-1227 -1223 0
-1224 -1226 0
-1228 -1222 0
-1229 -1221 0
-1224 -1227 0
-1225 -1226 0
-1228 -1223 0
-1229 -1222 0
-1225 -1223 0
-1226 -1222 0
-1227 -1221 0
-1226 -1223 0
-1225 -1224 0
-1227 -1222 0
-1228 -1221 0
-1226 -1228 0
-1225 -1229 0
-1227 -1228 0
-1226 -1229 0
-1225 -1227 0
-1224 -1228 0
-1229 -1223 0
-1225 -1228 0
-1227 -1226 0
-1224 -1229 0
-1227 -1229 0
-1229 -1228 0
-162 -161 0
-155 -157 0
-158 -154 0
-153 -159 0
-156 -157 0
-155 -158 0
-154 -159 0
-156 -154 0
-151 -159 0
-158 -152 0
-157 -153 0
-156 -155 0
-157 -154 0
-152 -159 0
-158 -153 0
-157 -159 0
-158 -159 0
-156 -158 0
-155 -159 0
-158 -157 0
-156 -159 0
-151 -153 0
-151 -154 0
-152 -153 0
-152 -151 0
1118 1117 1116 1115 1114 1113 1112 1111 1119 0
-157 -151 0
-156 -152 0
-155 -153 0
-155 -154 0
-158 -151 0
-157 -152 0
-156 -153 0
-155 -151 0
-152 -154 0
-156 -151 0
-155 -152 0
-154 -153 0
-1221 -1222 0
-1224 -1222 0
-1225 -1221 0
-1224 -1223 0
-1225 -1222 0
-1226 -1221 0
-1221 -1223 0
-1223 -1222 0
-1224 -1221 0
-1238 -1234 0
-1235 -1237 0
-1239 -1233 0
2202 -348 0
-1235 -1238 0
-1236 -1237 0
-1239 -1234 0
2204 -347 0
2203 -348 0
-1237 -1233 0
-1236 -1234 0
-1238 -1232 0
-1239 -1231 0
2205 -347 0
-1236 -1235 0
-1237 -1234 0
-1238 -1233 0
-1239 -1232 0
-1237 -1239 0
-1238 -1239 0
-1236 -1238 0
-1235 -1239 0
2201 -347 0
-1238 -1237 0
-1236 -1239 0
2202 -347 0
2201 -348 0
-173 -171 0
-173 -172 0
-174 -171 0
-172 -171 0
2206 -348 0
-166 -168 0
-169 -165 0
-167 -168 0
-166 -169 0
-167 -165 0
-169 -163 0
-168 -164 0
-167 -166 0
-168 -165 0
-169 -164 0
-167 -169 0
-169 -168 0
-165 -161 0
-162 -164 0
-166 -161 0
-162 -165 0
-163 -164 0
-163 -161 0
-163 -162 0
-164 -161 0
-169 -161 0
-168 -162 0
-167 -163 0
-166 -164 0
-166 -165 0
-169 -162 0
-168 -163 0
-167 -164 0
-167 -161 0
-166 -162 0
-163 -165 0
-168 -161 0
-167 -162 0
-166 -163 0
-165 -164 0
276 277 278 279 -273 -275 39 271 272 274 0
-1231 -1233 0
-1232 -1233 0
-1231 -1234 0
-1232 -1231 0
-1235 -1233 0
-1236 -1232 0
-1237 -1231 0
-1235 -1234 0
-1236 -1233 0
-1237 -1232 0
-1238 -1231 0
-1232 -1234 0
-1235 -1231 0
-1236 -1231 0
-1234 -1233 0
-1235 -1232 0
2215 -350 0
2216 -351 0
-350 2212 0
-351 2211 0
-181 -182 0
-184 -182 0
-185 -181 0
-184 -183 0
-185 -182 0
-186 -181 0
-181 -183 0
-183 -182 0
-184 -181 0
-177 -179 0
-178 -179 0
2213 -349 0
-178 -176 0
-179 -175 0
2214 -349 0
-178 -177 0
-179 -176 0
-177 -171 0
-176 -172 0
-173 -175 0
-178 -171 0
-177 -172 0
-173 -176 0
-174 -175 0
-174 -172 0
-175 -171 0
-176 -171 0
-174 -173 0
-175 -172 0
-179 -173 0
-178 -174 0
-177 -175 0
-177 -176 0
-179 -174 0
-178 -175 0
-179 -171 0
-178 -172 0
-177 -173 0
-174 -176 0
-179 -172 0
-178 -173 0
-177 -174 0
-176 -175 0
2239 -356 0
-354 2237 0
2238 -355 0
2101 -1311 0
2109 -1309 0
2209 -1209 0
-353 2235 0
-354 2234 0
-355 2233 0
-356 2232 0
-353 2236 0
-191 -193 0
-192 -193 0
-191 -194 0
2106 -1316 0
-192 -191 0
2107 -1317 0
-195 -193 0
-196 -192 0
-197 -191 0
-198 -191 0
-195 -194 0
-196 -193 0
-197 -192 0
2108 -1318 0
-192 -194 0
-195 -191 0
-194 -193 0
-195 -192 0
-196 -191 0
2109 -1319 0
2102 -1312 0
2103 -1313 0
2104 -1314 0
2105 -1315 0
-189 -187 0
-189 -188 0
-189 -181 0
-188 -182 0
-187 -183 0
-184 -186 0
-189 -182 0
-188 -183 0
-184 -187 0
-185 -186 0
2224 -352 0
-187 -181 0
-185 -183 0
-186 -182 0
-188 -181 0
-187 -182 0
-185 -184 0
-186 -183 0
-189 -185 0
-188 -186 0
-188 -187 0
-189 -186 0
-189 -183 0
-188 -184 0
-185 -187 0
-352 2221 0
-189 -184 0
-188 -185 0
-187 -186 0
-352 2222 0
2105 -1305 0
2205 -1205 0
2106 -1306 0
2206 -1206 0
198 199 191 192 193 194 195 196 197 0
2107 -1307 0
2207 -1207 0
2108 -1308 0
2208 -1208 0
2101 -1301 0
2201 -1201 0
2102 -1302 0
2202 -1202 0
2103 -1303 0
2203 -1203 0
2104 -1304 0
2204 -1204 0
2249 -360 0
2247 -358 0
2248 -359 0
2244 -357 0
2243 -358 0
2242 -359 0
2246 -357 0
-199 -193 0
-198 -194 0
-195 -197 0
-199 -194 0
-195 -198 0
-196 -197 0
-199 -191 0
-198 -192 0
-196 -194 0
-197 -193 0
-199 -192 0
-198 -193 0
-196 -195 0
-197 -194 0
-199 -197 0
-199 -198 0
-199 -195 0
-196 -198 0
-199 -196 0
-198 -197 0
-360 2241 0
1129 1128 1127 1126 1125 1124 1123 1122 1121 0
-2149 -2148 2145 2144 2143 2142 329 2141 -2147 -2146 0
1206 1205 1204 1203 1202 1201 1209 1208 1207 0
198 1238 1168 138 1198 -2178 0
1237 137 1167 1197 -2177 197 0
1305 1304 1303 1302 1301 1309 1308 1307 1306 0
135 1235 1165 1195 -2175 195 0
1236 136 1166 1196 -2176 196 0
134 1234 -2174 1164 1194 194 0
2221 -1361 0
2222 -1362 0
2223 -1363 0
2224 -1364 0
-1161 -1163 0
-1162 -1163 0
-1161 -1164 0
2229 -1369 0
-1162 -1161 0
-1163 -1165 0
-1162 -1166 0
-1161 -1167 0
-1164 -1165 0
-1163 -1166 0
-1162 -1167 0
-1161 -1168 0
-1162 -1164 0
-1161 -1165 0
-1164 -1163 0
-1162 -1165 0
-1161 -1166 0
-1165 -1167 0
-1164 -1168 0
-1169 -1163 0
1239 199 1169 139 1199 -2179 0
-1166 -1167 0
-1165 -1168 0
-1169 -1164 0
2225 -1365 0
-1164 -1166 0
-1163 -1167 0
-1162 -1168 0
-1169 -1161 0
-1166 -1165 0
-1164 -1167 0
-1163 -1168 0
-1169 -1162 0
2226 -1366 0
-1169 -1167 0
-1169 -1168 0
2227 -1367 0
-1166 -1168 0
-1169 -1165 0
-1168 -1167 0
-1169 -1166 0
2228 -1368 0
353 354 355 356 0
1139 1138 1137 1136 1135 1134 1133 1132 1131 0
133 1233 -2173 1163 193 1193 0
-2171 1231 191 1161 131 1191 0
357 358 359 360 0
-1171 -1172 0
132 -2172 1232 192 1162 1192 0
-1172 -1174 0
-1171 -1175 0
-1173 -1174 0
-1172 -1175 0
-1171 -1176 0
-1171 -1173 0
-1173 -1172 0
-1171 -1174 0
-1174 -1176 0
-1173 -1177 0
-1172 -1178 0
-1171 -1179 0
-1175 -1176 0
-1174 -1177 0
-1173 -1178 0
-1172 -1179 0
-1173 -1175 0
-1172 -1176 0
-1171 -1177 0
-1175 -1174 0
-1173 -1176 0
-1172 -1177 0
-1171 -1178 0
-1176 -1178 0
-1175 -1179 0
-1177 -1178 0
-1176 -1179 0
-1175 -1177 0
-1174 -1178 0
-1173 -1179 0
-1177 -1176 0
-1175 -1178 0
-1174 -1179 0
-1177 -1179 0
-1179 -1178 0
2201 -1351 0
2231 -1321 0
2202 -1352 0
2232 -1322 0
2207 -1357 0
2237 -1327 0
2208 -1358 0
2238 -1328 0
2209 -1359 0
2239 -1329 0
2203 -1353 0
2233 -1323 0
2204 -1354 0
2234 -1324 0
2205 -1355 0
2235 -1325 0
2206 -1356 0
2236 -1326 0
-1181 -1183 0
-1182 -1183 0
-1181 -1184 0
-1182 -1181 0
-1183 -1185 0
-1182 -1186 0
-1181 -1187 0
-1184 -1185 0
-1183 -1186 0
-1182 -1187 0
-1181 -1188 0
-1182 -1184 0
-1181 -1185 0
-1184 -1183 0
-1182 -1185 0
-1181 -1186 0
-1185 -1187 0
-1184 -1188 0
-1183 -1189 0
-1186 -1187 0
-1185 -1188 0
-1184 -1189 0
-1184 -1186 0
-1183 -1187 0
-1182 -1188 0
-1181 -1189 0
-1186 -1185 0
-1184 -1187 0
-1183 -1188 0
-1182 -1189 0
-1187 -1189 0
-1188 -1189 0
-1186 -1188 0
-1185 -1189 0
-1188 -1187 0
-1186 -1189 0
2241 -1331 0
2242 -1332 0
2243 -1333 0
2248 -1338 0
2249 -1339 0
2244 -1334 0
2245 -1335 0
2246 -1336 0
2247 -1337 0
1217 1216 1215 1214 1213 1212 1211 1219 1218 0
-1191 -1192 0
-1192 -1194 0
-1191 -1195 0
-1193 -1194 0
-1192 -1195 0
-1191 -1196 0
-1191 -1193 0
-1193 -1192 0
-1191 -1194 0
-1194 -1196 0
-1193 -1197 0
-1192 -1198 0
-1191 -1199 0
-1195 -1196 0
-1194 -1197 0
-1193 -1198 0
-1192 -1199 0
-1193 -1195 0
-1192 -1196 0
-1191 -1197 0
-1195 -1194 0
-1193 -1196 0
-1192 -1197 0
-1191 -1198 0
-1196 -1198 0
-1195 -1199 0
-1197 -1198 0
-1196 -1199 0
-1195 -1197 0
-1194 -1198 0
-1193 -1199 0
-1197 -1196 0
-1195 -1198 0
-1194 -1199 0
-1197 -1199 0
-1199 -1198 0
-1125 -1127 0
-1128 -1124 0
-1129 -1123 0
-1367 -1369 0
112 1122 -2132 162 0
-1126 -1127 0
-1125 -1128 0
-1129 -1124 0
-1368 -1369 0
-1126 -1124 0
-1127 -1123 0
-1128 -1122 0
-1129 -1121 0
-1368 -1366 0
-1369 -1365 0
-1129 -1122 0
-1126 -1125 0
-1127 -1124 0
-1128 -1123 0
-1368 -1367 0
-1369 -1366 0
-1127 -1129 0
113 1123 -2133 163 0
-1128 -1129 0
-1126 -1128 0
-1125 -1129 0
-1128 -1127 0
-1126 -1129 0
111 1121 -2131 161 0
166 1126 116 -2136 0
-2137 1127 167 117 0
114 1124 -2134 164 0
165 1125 115 -2135 0
-1361 -1363 0
-1362 -1363 0
-1361 -1364 0
-1362 -1361 0
-1121 -1123 0
-1363 -1365 0
-1362 -1366 0
-1367 -1361 0
-1122 -1123 0
-1121 -1124 0
1316 1315 1314 1313 1312 1311 1319 1318 1317 0
-1364 -1365 0
-1363 -1366 0
-1367 -1362 0
-1368 -1361 0
-1362 -1364 0
-1361 -1365 0
-1122 -1121 0
-1364 -1363 0
-1362 -1365 0
-1361 -1366 0
-1125 -1123 0
-1126 -1122 0
-1127 -1121 0
-1367 -1365 0
-1368 -1364 0
-1369 -1363 0
-1127 -1122 0
-1125 -1124 0
-1126 -1123 0
-1128 -1121 0
-1367 -1366 0
-1369 -1364 0
-1368 -1365 0
-1122 -1124 0
-1125 -1121 0
-1364 -1366 0
-1367 -1363 0
-1368 -1362 0
-1369 -1361 0
-1126 -1121 0
-1124 -1123 0
-1125 -1122 0
-1366 -1365 0
-1368 -1363 0
-1369 -1362 0
-1367 -1364 0
-1136 -1138 0
-1139 -1135 0
-1137 -1138 0
-1136 -1139 0
-1137 -1135 0
-1138 -1134 0
-1139 -1133 0
-1137 -1136 0
-1138 -1135 0
-1139 -1134 0
-1137 -1139 0
-1139 -1138 0
1149 1148 1147 1146 1145 1144 1143 1142 1141 0
-2138 1128 168 118 0
1129 -2139 169 119 0
-1131 -1132 0
-1132 -1134 0
-1131 -1135 0
-1133 -1134 0
-1132 -1135 0
-1136 -1131 0
-1131 -1133 0
-1133 -1132 0
-1131 -1134 0
-1136 -1134 0
-1137 -1133 0
-1138 -1132 0
-1139 -1131 0
-1136 -1135 0
-1137 -1134 0
-1138 -1133 0
-1139 -1132 0
-1133 -1135 0
-1136 -1132 0
-1137 -1131 0
-1135 -1134 0
-1136 -1133 0
-1137 -1132 0
-1138 -1131 0
-1147 -1149 0
-1148 -1149 0
-1148 -1146 0
-1149 -1145 0
-1148 -1147 0
-1149 -1146 0
1228 1227 1226 1225 1224 1223 1222 1221 1229 0
331 2167 2166 2165 2164 2163 2162 2161 -2169 -2168 0
2248 -2249 2247 2246 2245 2244 2243 2242 -2241 360 0
-1141 -1143 0
-1142 -1143 0
-1141 -1144 0
-1142 -1141 0
-1143 -1145 0
-1142 -1146 0
-1147 -1141 0
-1144 -1145 0
-1143 -1146 0
-1147 -1142 0
-1148 -1141 0
-1142 -1144 0
-1141 -1145 0
-1144 -1143 0
-1142 -1145 0
-1141 -1146 0
-1147 -1145 0
-1148 -1144 0
-1149 -1143 0
-1147 -1146 0
-1148 -1145 0
-1149 -1144 0
-1148 -1142 0
-1144 -1146 0
-1147 -1143 0
-1149 -1141 0
-1146 -1145 0
-1147 -1144 0
-1148 -1143 0
-1149 -1142 0
-1159 -1157 0
-1159 -1158 0
2249 2248 2247 357 2245 2243 2242 2241 -2244 -2246 0
-1151 -1152 0
-2247 2249 2248 2246 2245 358 2244 2242 2241 -2243 0
-2248 2249 2247 2246 2245 2244 359 2243 2241 -2242 0
-1152 -1154 0
-1151 -1155 0
-1153 -1154 0
-1152 -1155 0
-1151 -1156 0
-1151 -1153 0
-1153 -1152 0
-1151 -1154 0
-1154 -1156 0
-1153 -1157 0
-1158 -1152 0
-1159 -1151 0
-1155 -1156 0
-1154 -1157 0
-1158 -1153 0
-1159 -1152 0
-1153 -1155 0
-1152 -1156 0
-1151 -1157 0
-1155 -1154 0
-1153 -1156 0
-1152 -1157 0
-1158 -1151 0
-1158 -1156 0
-1159 -1155 0
-1158 -1157 0
-1159 -1156 0
-1155 -1157 0
-1158 -1154 0
-1159 -1153 0
-1157 -1156 0
-1158 -1155 0
-1159 -1154 0
251 -1141 0
2191 346 2198 2196 -2197 2195 2194 -2199 2193 2192 0
252 -1142 0
253 -1143 0
1159 1158 1157 1156 1155 1154 1153 1152 1151 0
254 -1144 0
255 -1135 0
256 -1136 0
257 -1137 0
258 -1138 0
259 -1139 0
251 -1151 0
252 -1152 0
253 -1153 0
254 -1154 0
255 -1155 0
255 -1145 0
256 -1146 0
257 -1147 0
258 -1148 0
259 -1149 0
251 -1161 0
252 -1162 0
253 -1163 0
254 -1164 0
255 -1165 0
256 -1156 0
257 -1157 0
258 -1158 0
259 -1159 0
256 -1166 0
257 -1167 0
258 -1168 0
259 -1169 0
241 -1111 0
242 -1112 0
243 -1103 0
244 -1104 0
1239 1238 1237 1236 1235 1234 1233 1232 1231 0
245 -1105 0
246 -1106 0
247 -1107 0
248 -1108 0
249 -1109 0
243 -1113 0
1266 1276 -296 1286 1296 0
244 -1114 0
1267 1277 -297 1287 1297 0
245 -1115 0
246 -1116 0
247 -1117 0
248 -1118 0
-298 1268 1278 1288 1298 0
249 -1119 0
-299 1269 1279 1289 1299 0
1263 1273 -293 1283 1293 0
-294 1264 1274 1284 1294 0
-295 1265 1275 1285 1295 0
251 -1121 0
252 -1122 0
253 -1123 0
-291 1261 1271 1281 1291 0
1262 1272 -292 1282 1292 0
251 -1131 0
252 -1132 0
253 -1133 0
254 -1134 0
254 -1124 0
255 -1125 0
256 -1126 0
257 -1127 0
258 -1128 0
259 -1129 0
2209 -1309 0
279 -1199 0
1169 1168 1167 1166 1165 1164 1163 1162 1161 0
2205 -1305 0
2206 -1306 0
2207 -1307 0
2208 -1308 0
2201 -1301 0
2202 -1302 0
2203 -1303 0
2204 -1304 0
2221 -1311 0
2226 -1316 0
2227 -1317 0
2228 -1318 0
2229 -1319 0
2222 -1312 0
2223 -1313 0
2224 -1314 0
2225 -1315 0
343 2189 2188 -2185 2186 -2187 2184 2183 2182 2181 0
344 2189 2187 -2184 2186 2185 2183 -2188 2182 2181 0
345 -2183 2188 2187 2186 2185 2184 -2189 2182 2181 0
324 325 0
2137 -117 0
2138 -118 0
261 -1171 0
2135 -115 0
262 -1172 0
2136 -116 0
263 -1173 0
2133 -113 0
264 -1174 0
2134 -114 0
265 -1175 0
2131 -111 0
266 -1176 0
2132 -112 0
2139 -119 0
261 -1181 0
262 -1182 0
263 -1183 0
264 -1184 0
265 -1185 0
266 -1186 0
267 -1187 0
267 -1177 0
268 -1178 0
269 -1179 0
1249 1248 1247 1246 1245 1244 1243 1242 1241 0
2148 -128 0
1327 1326 1325 1324 1323 1322 1321 1329 1328 0
2149 -129 0
2146 -126 0
2147 -127 0
2144 -124 0
2145 -125 0
2142 -122 0
2143 -123 0
268 -1188 0
269 -1189 0
271 -1191 0
272 -1192 0
273 -1193 0
274 -1194 0
275 -1195 0
276 -1196 0
347 348 0
277 -1197 0
278 -1198 0
2141 -121 0
1314 1364 1254 -2224 0
1313 1363 1253 -2223 0
1316 -2226 1366 1256 0
188 1158 -2168 0
189 1159 -2169 0
1315 -2225 1365 1255 0
2131 -161 0
2132 -162 0
1312 1362 1252 -2222 0
1311 1361 1251 -2221 0
1179 1178 1177 1176 1175 1174 1173 1172 1171 0
-2161 181 1151 0
1155 -2165 185 0
-2228 1368 1258 1318 0
1156 -2166 186 0
187 1157 -2167 0
-2227 1367 1257 1317 0
-2162 1152 182 0
-2163 1153 183 0
1369 1259 -2229 1319 0
1154 -2164 184 0
2131 -1121 0
2132 -1122 0
2133 -1123 0
2178 -138 0
1259 1258 1257 1256 1255 1254 1253 1252 1251 0
2134 -1124 0
2179 -139 0
2176 -136 0
2177 -137 0
2174 -134 0
2175 -135 0
2142 -172 0
2139 -1129 0
2143 -173 0
2141 -171 0
2135 -1125 0
2136 -1126 0
2137 -1127 0
2138 -1128 0
2139 -169 0
2137 -167 0
2138 -168 0
2135 -165 0
2136 -166 0
2133 -163 0
2134 -164 0
2172 -132 0
2173 -133 0
2171 -131 0
159 -2199 1119 0
1323 1333 1343 -2113 0
2189 -149 0
1322 1332 1342 -2112 0
2187 -147 0
156 1116 -2196 0
-2115 1325 1335 1345 0
1117 157 -2197 0
2188 -148 0
2185 -145 0
1324 1334 1344 -2114 0
2186 -146 0
1118 158 -2198 0
1321 1331 1341 -2111 0
242 243 34 244 -245 246 -248 -247 241 -249 0
2148 -178 0
2149 -179 0
2146 -176 0
2147 -177 0
2144 -174 0
2145 -175 0
2183 -143 0
1327 1337 1347 -2117 0
2184 -144 0
154 1114 -2194 0
155 1115 -2195 0
2181 -141 0
-2116 1326 1336 1346 0
2182 -142 0
-2191 1111 151 0
1349 -2119 1329 1339 0
-2192 1112 152 0
1338 1348 -2118 1328 0
1113 -2193 153 0
-310 276 0
-310 272 0
-311 271 0
2168 -188 0
2198 -158 0
2169 -189 0
2199 -159 0
277 -311 0
2166 -186 0
2196 -156 0
2167 -187 0
2197 -157 0
-312 284 0
-312 283 0
286 -312 0
-312 282 0
-312 281 0
1338 1337 1336 1335 1334 1333 1332 1331 1339 0
2164 -184 0
2194 -154 0
2165 -185 0
2195 -155 0
2162 -182 0
2192 -152 0
2163 -183 0
2193 -153 0
2161 -181 0
2191 -151 0
-314 293 0
292 -315 0
293 -313 0
-244 1104 1114 194 184 0
2144 -1174 0
2164 -1154 0
-313 296 0
-313 295 0
-314 294 0
292 -316 0
-317 291 0
2145 -1175 0
2165 -1155 0
-243 1103 1113 193 183 0
2146 -1176 0
2166 -1156 0
2147 -1177 0
2167 -1157 0
298 -317 0
-319 296 0
298 -316 0
297 -317 0
2179 -199 0
299 -318 0
1106 1116 -246 196 186 0
2141 -1171 0
2161 -1151 0
-315 296 0
-318 293 0
-319 292 0
297 -313 0
-314 296 0
295 -315 0
294 -316 0
2142 -1172 0
2162 -1152 0
2177 -197 0
298 -315 0
297 -316 0
-318 295 0
-319 294 0
1105 1115 -245 195 185 0
298 -314 0
-317 295 0
-318 294 0
2143 -1173 0
2163 -1153 0
2178 -198 0
1107 187 1117 -247 197 0
2148 -1178 0
2168 -1158 0
199 189 1109 1119 -249 0
2149 -1179 0
2169 -1159 0
1118 198 188 -248 1108 0
2218 2217 -2214 2216 2215 2212 2211 349 -2213 2219 0
-321 297 0
2193 -1113 0
-321 299 0
2194 -1114 0
-320 299 0
297 -322 0
-321 293 0
-323 291 0
2218 -2215 2217 2216 2214 2213 2211 350 2219 -2212 0
2195 -1115 0
-321 292 0
-322 291 0
2218 2217 2215 -2216 2214 2213 2212 -2211 2219 351 0
-320 296 0
-322 294 0
-323 293 0
2196 -1116 0
-320 295 0
-323 299 0
2191 -1111 0
299 -322 0
298 -323 0
2192 -1112 0
2175 -195 0
2176 -196 0
299 -319 0
2173 -193 0
2174 -194 0
2197 -1117 0
2171 -191 0
2198 -1118 0
-320 291 0
2172 -192 0
2199 -1119 0
2155 -1185 0
2175 -1165 0
2156 -1186 0
2176 -1166 0
2157 -1187 0
2177 -1167 0
2158 -1188 0
2178 -1168 0
2151 -1181 0
2171 -1161 0
2152 -1182 0
2172 -1162 0
2153 -1183 0
2173 -1163 0
2154 -1184 0
2174 -1164 0
2159 -1189 0
2179 -1169 0
1269 1268 1267 1266 1265 1264 1263 1262 1261 0
1101 1111 -241 191 181 0
330 2159 2158 2157 2156 -2152 -2151 -2154 -2153 -2155 0
1102 1112 -242 192 182 0
2142 -1132 0
-2219 1299 1229 0
2143 -1133 0
1228 -2218 1298 0
2144 -1134 0
2145 -1135 0
1227 -2217 1297 0
1226 -2216 1296 0
-2215 1225 1295 0
2141 -1131 0
-2214 1224 1294 0
1223 1293 -2213 0
1222 1292 -2212 0
2146 -1136 0
1221 -2211 1291 0
2147 -1137 0
2148 -1138 0
2149 -1139 0
2153 -1143 0
2154 -1144 0
2155 -1145 0
2156 -1146 0
2151 -1141 0
2152 -1142 0
2157 -1147 0
2158 -1148 0
2159 -1149 0
2182 -1102 0
2183 -1103 0
2184 -1104 0
2185 -1105 0
2181 -1101 0
1349 1348 1347 1346 1345 1344 1343 1342 1341 0
2186 -1106 0
320 321 322 323 313 314 315 316 317 318 319 0
2187 -1107 0
2188 -1108 0
2189 -1109 0
-1323 -1325 0
-1326 -1322 0
-1327 -1321 0
-1324 -1325 0
-1323 -1326 0
-1327 -1322 0
-1328 -1321 0
-1324 -1322 0
-1325 -1321 0
-1324 -1323 0
-1325 -1322 0
-1326 -1321 0
-1325 -1327 0
-1323 -1329 0
-1324 -1328 0
-1326 -1327 0
-1324 -1329 0
-1325 -1328 0
-1324 -1326 0
-1323 -1327 0
-1329 -1321 0
-1328 -1322 0
281 -1231 0
-1326 -1325 0
-1324 -1327 0
-1329 -1322 0
-1323 -1328 0
-1327 -1329 0
282 -1232 0
-1328 -1329 0
-1325 -1329 0
-1326 -1328 0
283 -1233 0
-1326 -1329 0
-1328 -1327 0
284 -1234 0
285 -1235 0
285 -1225 0
286 -1226 0
287 -1227 0
288 -1228 0
289 -1229 0
281 -1241 0
282 -1242 0
283 -1243 0
284 -1244 0
285 -1245 0
286 -1236 0
287 -1237 0
288 -1238 0
289 -1239 0
-1323 -1321 0
-1323 -1322 0
-1324 -1321 0
-1322 -1321 0
-1334 -1336 0
-1337 -1333 0
-1338 -1332 0
-1339 -1331 0
-1335 -1336 0
-1334 -1337 0
-1338 -1333 0
-1339 -1332 0
-1335 -1333 0
-1336 -1332 0
-1337 -1331 0
-1335 -1334 0
-1336 -1333 0
-1337 -1332 0
-1338 -1331 0
-1336 -1338 0
-1335 -1339 0
281 -1251 0
-1337 -1338 0
-1336 -1339 0
-1335 -1337 0
-1334 -1338 0
-1339 -1333 0
282 -1252 0
-1337 -1336 0
-1335 -1338 0
-1334 -1339 0
283 -1253 0
-1337 -1339 0
284 -1254 0
-1339 -1338 0
285 -1255 0
286 -1256 0
286 -1246 0
287 -1247 0
288 -1248 0
289 -1249 0
287 -1257 0
288 -1258 0
289 -1259 0
1279 1278 1277 1276 1275 1274 1273 1272 1271 0
-1331 -1332 0
-1334 -1332 0
-1335 -1331 0
-1334 -1333 0
-1335 -1332 0
-1336 -1331 0
-1331 -1333 0
-1333 -1332 0
-1334 -1331 0
-1103 -1105 0
-1106 -1102 0
-1107 -1101 0
-1345 -1347 0
-1349 -1343 0
-1348 -1344 0
-1104 -1105 0
-1103 -1106 0
-1107 -1102 0
-1108 -1101 0
-1346 -1347 0
-1345 -1348 0
-1349 -1344 0
-1104 -1102 0
-1105 -1101 0
-1346 -1344 0
-1347 -1343 0
-1348 -1342 0
-1349 -1341 0
-1104 -1103 0
-1105 -1102 0
-1106 -1101 0
-1346 -1345 0
-1347 -1344 0
-1348 -1343 0
-1349 -1342 0
-1105 -1107 0
-1103 -1109 0
-1104 -1108 0
-1347 -1349 0
-1106 -1107 0
-1104 -1109 0
-1105 -1108 0
-1348 -1349 0
-1104 -1106 0
-1103 -1107 0
-1109 -1101 0
-1108 -1102 0
-1346 -1348 0
-1345 -1349 0
-1106 -1105 0
-1104 -1107 0
-1109 -1102 0
-1103 -1108 0
-1348 -1347 0
-1346 -1349 0
-1107 -1109 0
-1108 -1109 0
-1105 -1109 0
-1106 -1108 0
271 -1201 0
-1106 -1109 0
-1108 -1107 0
272 -1202 0
273 -1203 0
1122 -252 1132 1142 1152 1162 0
1123 -253 1133 1143 1153 1163 0
-251 1121 1131 1141 1151 1161 0
1359 1358 1357 1356 1355 1354 1353 1352 1351 0
-255 1125 1135 1145 1155 1165 0
-254 1124 1134 1144 1154 1164 0
274 -1204 0
275 -1205 0
1128 1138 1148 1158 1168 -258 0
276 -1206 0
277 -1207 0
-1341 -1343 0
1126 -256 1136 1146 1156 1166 0
278 -1208 0
-1342 -1343 0
-1341 -1344 0
279 -1209 0
111 112 113 114 115 116 117 118 119 0
-1342 -1341 0
-1103 -1101 0
-1345 -1343 0
-1346 -1342 0
-1347 -1341 0
-1103 -1102 0
-1104 -1101 0
-1345 -1344 0
-1346 -1343 0
-1347 -1342 0
-1348 -1341 0
-1342 -1344 0
-1345 -1341 0
1127 -257 1137 1147 1157 1167 0
-1102 -1101 0
-1344 -1343 0
-1345 -1342 0
-1346 -1341 0
-1114 -1116 0
-1117 -1113 0
-1118 -1112 0
-1119 -1111 0
-1356 -1358 0
-1359 -1355 0
-1115 -1116 0
-1114 -1117 0
-1118 -1113 0
-1119 -1112 0
-1357 -1358 0
-1356 -1359 0
-1115 -1113 0
-1116 -1112 0
-1117 -1111 0
-1357 -1355 0
-1359 -1353 0
-1358 -1354 0
-1116 -1113 0
-1118 -1111 0
-1115 -1114 0
-1117 -1112 0
-1357 -1356 0
-1358 -1355 0
-1359 -1354 0
-1116 -1118 0
-1115 -1119 0
-1117 -1118 0
-1116 -1119 0
-1115 -1117 0
-1114 -1118 0
-1119 -1113 0
-1357 -1359 0
-1117 -1116 0
-1115 -1118 0
-1114 -1119 0
-1359 -1358 0
281 -1211 0
-1117 -1119 0
1189 1188 1187 1186 1185 1184 1183 1182 1181 0
1129 1139 1149 1159 1169 -259 0
282 -1212 0
-1119 -1118 0
283 -1213 0
284 -1214 0
2239 -2236 353 2238 2237 2234 2233 2232 2231 -2235 0
-2237 2239 2238 354 2236 2235 2233 2232 2231 -2234 0
2239 2237 -2238 355 2236 2235 2234 2232 2231 -2233 0
2238 -2239 2237 2236 356 2235 2234 2233 2231 -2232 0
281 -1221 0
282 -1222 0
283 -1223 0
284 -1224 0
285 -1215 0
286 -1216 0
287 -1217 0
-1351 -1352 0
288 -1218 0
-1352 -1354 0
-1351 -1355 0
289 -1219 0
-1111 -1112 0
-1353 -1354 0
-1352 -1355 0
-1356 -1351 0
-1351 -1353 0
-1353 -1352 0
-1351 -1354 0
-1114 -1112 0
-1115 -1111 0
-1356 -1354 0
-1357 -1353 0
-1358 -1352 0
-1359 -1351 0
-1114 -1113 0
-1115 -1112 0
-1116 -1111 0
-1356 -1355 0
-1357 -1354 0
-1358 -1353 0
-1359 -1352 0
-1111 -1113 0
-1353 -1355 0
-1356 -1352 0
-1357 -1351 0
-1113 -1112 0
-1114 -1111 0
-1355 -1354 0
-1356 -1353 0
-1357 -1352 0
-1358 -1351 0
1289 1288 1287 1286 1285 1284 1283 1282 1281 0
299 -1299 0
143 1103 -2183 0
144 1104 -2184 0
-2181 1101 141 0
1102 -2182 142 0
2178 -2171 -2174 338 2175 -2176 2173 2172 -2177 -2179 0
-2172 2177 2176 -2173 339 2174 -2175 -2178 2171 -2179 0
-2172 336 2178 -2174 2176 -2175 2173 -2177 2171 -2179 0
-2172 2178 337 -2173 2175 -2176 2174 -2177 2171 -2179 0
334 2179 -2171 -2176 2174 -2175 2173 -2178 2172 -2177 0
335 2178 2177 -2174 -2173 -2176 -2175 2172 2171 -2179 0
332 2179 -2174 2176 -2173 -2175 -2178 2172 -2177 2171 0
333 2179 -2172 -2174 2175 -2176 2173 -2178 -2177 2171 0
148 -2188 1108 0
149 -2189 1109 0
1105 145 -2185 0
1106 146 -2186 0
1107 147 -2187 0
-1301 -1303 0
-1302 -1303 0
-1301 -1304 0
291 -1261 0
-1302 -1301 0
-1303 -1305 0
-1301 -1307 0
-1302 -1306 0
292 -1262 0
-1304 -1305 0
-1301 -1308 0
-1302 -1307 0
-1303 -1306 0
-1302 -1304 0
-1301 -1305 0
293 -1263 0
-1304 -1303 0
-1302 -1305 0
-1301 -1306 0
-1303 -1309 0
-1304 -1308 0
-1305 -1307 0
294 -1264 0
-1304 -1309 0
-1305 -1308 0
-1306 -1307 0
-1301 -1309 0
-1302 -1308 0
-1303 -1307 0
-1304 -1306 0
295 -1265 0
-1302 -1309 0
-1303 -1308 0
-1304 -1307 0
-1306 -1305 0
-1307 -1309 0
296 -1266 0
-1308 -1309 0
-1305 -1309 0
-1306 -1308 0
297 -1267 0
-1308 -1307 0
-1306 -1309 0
341 -2171 2177 -2173 2175 -2176 2174 -2178 2172 -2179 0
342 -2172 -2171 2176 2175 2174 2173 -2178 -2177 -2179 0
-2171 2177 -2174 2176 -2175 2173 -2178 2172 -2179 340 0
291 -1271 0
292 -1272 0
1369 1368 1367 1366 1365 1364 1363 1362 1361 0
293 -1273 0
294 -1274 0
295 -1275 0
296 -1276 0
297 -1277 0
298 -1268 0
299 -1269 0
-1312 -1314 0
-1315 -1311 0
291 -1281 0
-1313 -1314 0
-1312 -1315 0
-1316 -1311 0
-1313 -1311 0
292 -1282 0
-1313 -1312 0
-1314 -1311 0
-1314 -1316 0
-1319 -1311 0
-1312 -1318 0
-1313 -1317 0
293 -1283 0
-1315 -1316 0
-1312 -1319 0
-1313 -1318 0
-1314 -1317 0
-1313 -1315 0
-1312 -1316 0
-1317 -1311 0
294 -1284 0
-1315 -1314 0
-1313 -1316 0
-1318 -1311 0
-1312 -1317 0
-1315 -1319 0
-1316 -1318 0
295 -1285 0
-1316 -1319 0
-1317 -1318 0
-1313 -1319 0
-1314 -1318 0
-1315 -1317 0
296 -1286 0
-1314 -1319 0
-1315 -1318 0
-1317 -1316 0
297 -1287 0
-1317 -1319 0
298 -1288 0
-1319 -1318 0
298 -1278 0
121 122 123 124 125 126 127 128 129 0
1199 1198 1197 1196 1195 1194 1193 1192 1191 0
299 -1279 0
291 -1291 0
292 -1292 0
293 -1293 0
294 -1294 0
295 -1295 0
296 -1296 0
297 -1297 0
298 -1298 0
299 -1289 0
-1312 -1311 0
